state_county,pop_2012,popdensity,percapinc
01001,56862,95.65704916,25035
01003,193566,121.7561593,27217
01005,26968,30.47657662,15899
01007,23272,37.37979463,18462
01009,58695,91.03162758,21185
01011,10681,17.14983628,20678
01013,20721,26.67383582,17091
01015,119829,197.7808124,20903
01017,33386,55.96687371,17705
01019,26251,47.41016324,21673
01021,44389,64.06688711,20826
01023,13314,14.57470827,18201
01025,25173,20.32596804,18471
01027,13746,22.75973991,18284
01029,15095,26.95053548,18881
01031,51298,75.5524763,22953
01033,54073,91.24404805,21693
01035,12926,15.20426197,16673
01037,11291,17.34605215,19966
01039,37634,36.52168389,20246
01041,13854,22.75475089,21993
01043,81037,110.2783381,20621
01045,50317,89.66768438,22326
01047,43119,44.05766418,17259
01049,72291,93.02743785,18788
01051,82207,132.9168181,23828
01053,37940,40.14473205,16509
01055,104343,195.0371055,20818
01057,16839,26.82822338,18336
01059,31723,50.05044121,18715
01061,26629,46.35901537,20120
01063,8745,13.513932,15210
01065,15353,23.84218278,16480
01067,17336,30.86069258,20079
01069,104551,180.3149989,23152
01071,52595,48.79540534,19770
01073,655077,589.4816766,26962
01075,14161,23.41255959,20865
01077,93575,140.1458467,22692
01079,34006,49.2357106,19676
01081,145813,240.0072103,23015
01083,86818,155.0497768,24157
01085,10783,15.06193825,17671
01087,20763,34.1000316,16763
01089,347745,433.817353,30708
01091,20522,21.0076566,19075
01093,30501,41.09031038,18358
01095,95439,168.667367,20590
01097,417324,339.4436019,22306
01099,22597,22.03135074,17408
01101,230375,293.7530498,24991
01103,121229,209.2546555,23552
01105,10248,14.23998412,14283
01107,19345,21.9478292,16310
01109,33173,49.3576721,19335
01111,22886,39.42126298,20147
01113,53638,83.66031244,18233
01115,88102,139.4234504,22974
01117,207001,263.7189255,34226
01119,13460,14.89123594,14122
01121,82305,111.7097516,18882
01123,41454,57.85457288,22792
01125,201187,152.21205,22449
01127,65750,83.10247289,20881
01129,17337,16.04970652,19836
01131,11334,12.75635432,12683
01133,24288,39.62290012,18568
02013,2302,0.329707643,24387
02016,4182,0.952559663,31188
02020,302265,177.3144739,35580
02050,16549,0.407912213,18392
02060,944,1.873599682,35981
02068,1829,0.143435111,38804
02070,4534,0.244173309,22603
02090,101452,13.82517095,31532
02100,2557,1.102820602,30090
02105,2093,0.278142683,28398
02110,31897,11.80526113,37294
02122,56743,3.529818382,30256
02130,13942,2.869660978,29998
02150,13092,1.998907017,26720
02164,1604,0.067816649,21210
02170,97762,3.97278957,29292
02180,8827,0.384421732,20325
02185,9900,0.111617948,35423
02188,7681,0.215924715,21751
02195,3791,1.155094705,31279
02198,5338,1.360737439,24902
02220,9009,3.138653564,32451
02230,983,2.173217133,36108
02240,7220,0.29149566,29014
02261,9310,0.271905162,31029
02270,7702,0.450898946,11476
02275,2062,0.811337248,29643
02282,637,0.083273884,37556
02290,5380,0.036974728,19923
04001,70974,6.338367477,12626
04003,133467,21.64672463,23296
04005,135648,7.285506032,22607
04007,53342,11.2111715,20098
04009,38215,8.266997666,16116
04011,8423,4.569953824,20366
04012,20289,4.509038711,21358
04013,3959538,430.3778715,27841
04015,207814,15.61210232,21457
04017,108501,10.90416089,17004
04019,1005140,109.4085236,25477
04021,417093,77.73447515,21419
04023,49153,39.73833754,17577
04025,218887,26.94491616,26028
04027,203406,36.88906009,18778
05001,18497,18.70707988,22220
05003,21217,22.928655,19264
05005,42352,76.40855626,21968
05007,237453,280.2278083,25934
05009,37631,63.7563527,21803
05011,11244,17.31895146,19283
05013,5233,8.325100975,15998
05015,27859,44.21453962,20320
05017,11189,17.36602081,15593
05019,22879,26.41690343,18090
05021,15601,24.39696014,18494
05023,26346,47.58240396,21614
05025,8660,14.48685038,19269
05027,24162,31.54091597,20146
05029,21425,38.79586365,20202
05031,99870,141.2176145,22505
05033,63924,107.7805309,18732
05035,50984,83.61319427,19007
05037,17454,28.31691842,18179
05039,7747,11.60796686,16704
05041,12369,16.10228314,19320
05043,18371,22.17767108,18220
05045,119499,184.4449561,23344
05047,18147,29.80502707,18810
05049,12301,19.89829571,18149
05051,97819,144.3224104,22955
05053,18156,28.73654798,22590
05055,43170,74.72749658,19262
05057,22255,30.59022854,17822
05059,33403,54.29594449,18378
05061,13559,23.03783572,18415
05063,37084,48.54225773,19927
05065,13690,23.58000992,18081
05067,17761,28.01692054,15833
05069,75541,86.75438632,19080
05071,26131,39.60421527,18541
05073,7353,13.91906598,17464
05075,17190,29.25390009,15506
05077,9873,16.38343793,12615
05079,13830,24.62972809,15183
05081,12964,24.35682153,20258
05083,22236,31.40124959,19464
05085,72126,93.58161884,22725
05087,16089,19.28546182,18199
05089,16747,28.05151956,19508
05091,44038,70.39568837,20013
05093,45294,50.29458731,18125
05095,7562,12.45548418,17074
05097,9484,12.16084462,20417
05099,8688,14.06196854,20523
05101,8202,9.991524915,16768
05103,25198,34.38670127,19079
05105,10428,18.9117766,20257
05107,20587,29.59335995,15948
05109,11184,18.62083306,17596
05111,24304,32.04689149,17014
05113,20637,24.06145349,18327
05115,63438,78.072891,20118
05117,8425,13.00238258,18704
05119,387344,509.8220509,27666
05121,17873,27.4045626,18995
05123,27806,43.80479183,13834
05125,112661,155.694367,25417
05127,11222,12.57620437,17697
05129,8165,12.25801934,15053
05131,128078,240.788294,23175
05133,17368,30.73295126,15698
05135,17206,28.46607193,16146
05137,12598,20.77489942,17190
05139,40663,39.12859716,21393
05141,17528,24.75205919,18341
05143,213537,226.6927825,23109
05145,79374,76.68427544,21327
05147,6826,11.63276884,19167
05149,22395,24.08106137,17367
06001,1525282,2063.932554,34937
06003,1134,1.535893709,29576
06005,38389,64.56457065,28030
06007,222661,136.0622301,23431
06009,46381,45.47101844,28667
06011,21904,19.03485769,21271
06013,1068892,1492.996808,38141
06015,29775,29.58644714,19247
06017,184995,108.3183067,34385
06019,959783,161.0917043,20638
06021,28365,21.58763038,21254
06023,136110,38.14755573,24209
06025,182253,43.63665526,16593
06027,18434,1.810649174,27532
06029,878753,108.0622316,20167
06031,156700,112.7808356,18296
06033,65736,52.31823826,22238
06035,35185,7.747979312,19339
06037,9904259,2440.745015,27954
06039,157281,73.59659528,18817
06041,254360,488.8664485,54605
06043,18366,12.67655485,27209
06045,88980,25.37686675,23585
06047,265086,136.9973181,18304
06049,9600,2.450373586,20769
06051,14636,4.800290356,28789
06053,420565,128.1977653,25508
06055,138821,185.499919,35309
06057,99583,103.9736389,31607
06059,3046437,3853.479798,34416
06061,368034,261.5719169,35583
06063,19554,7.659095464,28104
06065,2330123,323.337192,24516
06067,1452318,1505.548591,27180
06069,55610,40.04435697,26300
06071,2101441,104.773768,21932
06073,3157610,750.6270259,30955
06075,814726,17381.64091,46777
06077,708262,509.0570355,22857
06079,278108,84.31176806,30204
06081,727092,1621.495816,45346
06083,432445,158.1102444,30330
06085,1811928,1404.486494,40698
06087,265963,597.4408771,32975
06089,178851,47.37269834,23691
06091,3124,3.277332021,26137
06093,44479,7.085027077,22335
06095,416168,506.4319564,29367
06097,488064,309.7149433,33119
06099,526976,352.533203,21820
06101,98083,162.8175853,22464
06103,64794,21.96623789,20689
06105,13960,4.390967176,22551
06107,459284,95.20388893,17986
06109,55140,24.82795281,26084
06111,840889,456.2281081,32740
06113,207473,204.469541,28631
06115,75116,118.8848057,20046
08001,463812,397.2172642,24384
08003,15516,21.47118058,20429
08005,589689,738.8658331,32482
08007,12506,9.262500755,29361
08009,3367,1.317825306,21322
08011,6504,4.299138587,15390
08013,300408,413.6203317,37720
08014,59241,1793.336773,36783
08015,18018,17.77969441,26795
08017,1708,0.960480915,22877
08019,8957,22.66293672,35345
08021,8124,6.310439321,18094
08023,3437,2.80125144,18622
08025,5864,7.44709498,17746
08027,4355,5.896087139,28008
08029,31655,27.71769139,23495
08031,614413,4015.766945,32051
08033,1945,1.822780164,22729
08035,309102,367.8699419,43461
08037,54811,32.53786301,38174
08039,23592,12.74659747,34527
08041,645374,303.4481897,28624
08043,46294,30.19696741,19657
08045,59545,20.20143181,27901
08047,5576,37.19909907,33439
08049,15320,8.297543289,30519
08051,15582,4.810596204,28862
08053,845,0.756320375,38528
08055,6381,4.010683164,22167
08057,1321,0.818603936,24466
08059,536727,702.3308841,35587
08061,1298,0.734259632,24098
08063,8194,3.792076047,21674
08065,7248,19.23001726,21063
08067,52869,31.2450076,30592
08069,310570,119.6339699,30276
08071,15465,3.240323528,22357
08073,5286,2.050723887,20579
08075,22837,12.42122482,23601
08077,154347,46.36473525,27680
08079,694,0.792539222,50502
08081,13943,2.939520705,23810
08083,25876,12.74976806,25612
08085,43194,19.27705448,23498
08087,28274,22.08160039,19753
08089,18257,14.467161,17396
08091,4597,8.487926383,31329
08093,16329,7.443093577,30908
08095,4325,6.286996131,20995
08097,17623,18.1549911,57179
08099,12054,7.357202431,19337
08101,162751,68.20783807,22056
08103,6819,2.117088041,27771
08105,11745,12.87888452,18762
08107,24270,10.27507698,34435
08109,6044,1.907512392,20194
08111,709,1.829736112,25839
08113,7458,5.796621716,44490
08115,2233,4.074513915,23515
08117,28897,47.50000871,35218
08119,23764,42.66002225,28569
08121,4301,1.708080583,24814
08123,268960,67.45521469,25233
08125,9891,4.183293982,21825
09001,923450,1477.781152,48922
09003,900246,1224.663186,33991
09005,190408,206.8393476,37249
09007,167380,453.2341146,39347
09009,868757,1437.13562,32509
09011,276738,416.2237501,33478
09013,155402,378.8318763,33929
09015,120167,234.2848229,27634
10001,169762,289.6078696,24374
10003,544067,1276.296682,31988
10005,206476,220.5754462,27580
11001,617628,10117.01828,43993
12001,252062,288.0642467,25172
12003,28144,48.09041429,19985
12005,171830,226.5513633,25370
12007,28994,98.63195742,17270
12009,561534,552.8737136,27927
12011,1758159,1453.281974,28720
12013,14868,26.20676645,14486
12015,161267,237.0602049,26902
12017,145790,250.6290956,22939
12019,201666,333.6850288,26650
12021,337695,168.9890799,37335
12023,69909,87.65203114,19224
12027,35123,55.13301924,16034
12029,16473,23.3641992,18374
12031,880502,1155.223274,26394
12033,295898,450.747144,23773
12035,106921,220.2464011,24455
12037,11930,22.3105394,21009
12039,46596,90.2443076,17657
12041,17413,49.7974204,18869
12043,13426,16.65737993,18248
12045,16164,28.65895362,18371
12047,14939,29.07605677,15484
12049,27870,43.69826837,15760
12051,39868,34.58511586,14858
12053,182046,385.2511229,22540
12055,101635,99.97395363,19860
12057,1277682,1252.367095,27282
12059,20005,41.78350603,15404
12061,144028,286.4110066,31732
12063,50105,54.59488377,18368
12065,14962,25.01609016,19788
12067,9195,16.92089056,19201
12069,315071,335.7601406,25440
12071,655137,835.087503,28946
12073,282033,422.9319082,26332
12075,42063,37.61651452,19244
12077,8575,10.2625547,16291
12079,19102,27.44743842,16398
12081,335008,450.9275079,27918
12083,345820,218.245449,22328
12085,150100,276.1912191,35822
12086,2535522,1336.091555,23348
12087,75033,76.30871111,35074
12089,78094,120.3966753,29368
12091,183929,197.7205881,28505
12093,41537,54.02076324,19493
12095,1192482,1319.951066,25494
12097,289514,218.0974208,20440
12099,1355815,688.3136919,33960
12101,492358,659.2143528,24116
12103,914284,3339.253678,29232
12105,626220,348.3185955,21952
12107,74431,102.2934761,18609
12109,207989,346.2702246,36694
12111,296546,518.5043507,23172
12113,158461,156.6432199,26507
12115,391084,703.5558828,33096
12117,431258,1394.658317,29894
12119,102357,187.1473918,25070
12121,42685,61.99242437,19094
12123,23397,22.42584765,18291
12125,15806,64.89685792,14210
12127,504739,458.4237089,24536
12129,32833,54.14246593,22089
12131,58226,56.11469334,27064
12133,25662,44.03201024,18382
13001,18218,35.92719302,18899
13003,8473,24.96599085,15172
13005,11192,43.28326632,16561
13007,3256,9.52203679,17838
13009,45707,177.2663147,17953
13011,19147,82.49790543,20149
13013,74723,466.1182355,20740
13015,104835,228.1282734,22324
13017,17525,70.0662157,16234
13019,19789,43.79095312,16885
13021,155085,620.9320343,21754
13023,13284,61.53709457,18149
13025,19014,42.98286093,18464
13027,15855,32.1572638,22812
13029,31750,72.8266869,28911
13031,73027,108.5403991,17918
13033,23199,28.05309191,15690
13035,24444,132.5645576,21130
13037,6741,24.04348085,13428
13039,51891,84.64741901,22228
13043,11206,46.10690542,16962
13045,115080,230.5862254,20739
13047,65882,406.2792044,22368
13049,12380,16.00359051,17623
13051,272470,638.9461155,25394
13053,11264,45.28494208,21648
13055,26003,82.98705095,14924
13057,230413,546.4249828,29968
13059,119476,1002.312341,19596
13061,3124,15.98923232,12619
13063,262928,1857.231453,18835
13065,6707,8.381419138,15980
13067,703960,2073.219408,33514
13069,43100,74.94384597,16854
13071,46063,84.65076702,17922
13073,131199,452.2703204,30109
13075,17361,76.42578903,18755
13077,135760,307.921093,26117
13079,12536,38.58558592,20244
13081,23527,86.31117058,17140
13083,16799,96.55637209,21110
13085,23703,112.4272934,25158
13087,27573,46.17512602,17968
13089,695910,2600.736249,28843
13091,22167,44.70145397,16756
13093,15368,39.21007409,15515
13095,93782,285.3217608,19204
13097,140598,702.7547918,24457
13099,10580,20.64011902,17313
13101,4002,9.645826427,14179
13103,55420,116.0143373,24136
13105,19875,56.61502746,17978
13107,22565,33.15438449,16318
13109,10955,59.9115924,18547
13111,24267,62.75031959,20085
13113,109339,562.6105429,35405
13115,96897,190.0274227,21213
13117,192692,860.1528079,35277
13119,22249,85.08332548,19524
13121,945379,1795.132885,37711
13123,29108,68.24213139,20624
13125,3166,22.02593367,17265
13127,82417,196.3463995,27767
13129,57327,161.1177215,18781
13131,25099,55.22006129,17683
13133,16117,41.59918749,24479
13135,851715,1978.969085,26712
13137,44585,161.1081659,19710
13139,188977,481.1246264,24572
13141,9224,19.5489781,11714
13143,29202,103.492625,19472
13145,33646,72.53346534,31363
13147,25468,109.5898623,19252
13149,11924,40.2796814,17381
13151,220791,685.4164199,25949
13153,145733,388.061858,25329
13155,9321,26.30502643,17062
13157,64992,191.3426316,22465
13159,14335,38.93635636,20440
13161,15490,46.83434501,17127
13163,16625,31.57735988,14974
13165,8160,23.49694332,15243
13167,10187,33.61930387,16178
13169,29557,75.0305246,23185
13171,18664,101.7112117,18058
13173,10702,57.76707077,17472
13175,48817,60.4697875,19358
13177,28655,80.54049704,24121
13179,63456,129.5546505,20034
13181,7826,37.19942035,20242
13183,15415,38.50924694,15661
13185,112731,227.2499113,20040
13187,31755,112.2350466,20949
13189,21876,84.96826044,17760
13191,15066,35.50798342,20395
13193,14679,36.63883194,14398
13195,28462,100.8179428,18992
13197,8953,24.46152792,17532
13199,21620,43.13448978,18145
13201,5990,21.20947813,19558
13205,23271,45.44365531,16489
13207,27329,69.07219393,23671
13209,9169,38.28017867,16884
13211,18293,52.66453891,27459
13213,39981,116.0664987,16748
13215,190954,882.4719794,22726
13217,107795,396.0702665,21246
13219,34297,186.1036811,33863
13221,15259,34.75762576,19052
13223,155524,498.1248667,23700
13225,28486,189.5687808,18735
13227,30747,132.4974239,26206
13229,19334,61.08809934,18287
13231,18747,86.7572395,21922
13233,42034,135.4487095,18274
13235,12363,49.64443761,16679
13237,21595,62.65977665,27000
13239,2482,16.41128309,14894
13241,16419,44.37655488,22423
13243,7589,17.72152497,19523
13245,199423,614.8847132,20393
13247,88249,679.9223723,24606
13249,5278,31.62264001,16815
13251,14306,22.17637502,16647
13253,8514,36.19496545,18692
13255,65047,331.0806067,19547
13257,26157,146.0213227,18592
13259,6084,13.2626073,15944
13261,32420,67.16427887,18368
13263,6818,17.42002725,18051
13265,1615,8.298743887,13347
13267,25979,54.19031239,15741
13269,8461,22.46167872,15594
13271,17270,39.49203277,12959
13273,8825,26.3087886,15896
13275,44994,82.61910826,20716
13277,40366,155.9047092,18704
13279,27240,74.83418944,18466
13281,10655,63.9698843,21642
13283,6830,34.24659243,18030
13285,68483,165.4226656,20351
13287,8657,30.33360384,17265
13289,8613,24.03194585,16022
13291,22153,68.81389795,24124
13293,26501,81.93566578,17482
13295,69960,156.7276892,20459
13297,88851,272.8166099,22993
13299,36196,40.55753403,18513
13301,5622,19.77501973,17423
13303,21006,30.96165293,15840
13305,30718,47.86398947,18441
13307,2844,13.5999634,20524
13309,7571,25.62232614,9412
13311,28419,118.0747928,23849
13313,106413,366.3557624,20139
13315,9276,24.55888018,12561
13317,10439,22.23475807,17397
13319,9321,20.83799673,18488
13321,21378,37.45913513,18810
15001,185469,46.04017484,25573
15003,977761,1627.586183,30016
15005,88,7.33854188,49995
15007,69040,111.3627609,26591
15009,158968,136.8618861,29654
16001,411804,391.2346211,27956
16003,4016,2.946320639,24015
16005,83810,75.36952987,21457
16007,5740,5.888479676,19484
16009,9230,11.88487653,18831
16011,46122,22.02601774,18918
16013,21675,8.199089681,33408
16015,7003,3.687270767,23894
16017,41228,23.76838518,24494
16019,109025,58.42470653,23521
16021,11185,8.817080949,18509
16023,2842,1.273487559,19395
16025,1137,1.058173039,19726
16027,200861,341.9666822,18171
16029,6782,3.844353646,22014
16031,23088,9.000885654,17651
16033,960,0.544160533,19165
16035,8635,3.514057065,20238
16037,4327,0.879303505,23579
16039,25855,8.40884783,20435
16041,13003,19.59331724,18722
16043,13152,7.057591054,18709
16045,16914,30.15510041,20660
16047,15434,21.1722515,18339
16049,16259,1.917933808,19299
16051,27801,25.42384194,19648
16053,23144,38.75518675,17415
16055,144801,116.3878576,24766
16057,37301,34.66649617,21818
16059,7886,1.728102259,24019
16061,3759,7.85095677,18865
16063,5344,4.448124052,18147
16065,39541,84.27217395,14314
16067,19772,26.0985031,19537
16069,39482,46.55392466,24580
16071,4246,3.538153751,18902
16073,11516,1.502313356,16665
16075,22923,56.34029579,19590
16077,7764,5.528954953,18293
16079,12480,4.745852293,19717
16081,11092,24.67874906,23576
16083,79897,41.58675823,20619
16085,9863,2.691488334,27678
16087,10147,6.983571096,20896
17001,66742,78.04235736,24798
17003,7863,33.38723587,14617
17005,17682,46.49741033,24166
17007,56978,202.9713937,26323
17009,6824,22.32933664,19704
17011,34570,39.77992834,25344
17013,5072,19.98229824,24643
17015,14988,33.69549707,26196
17017,13440,35.76195716,19975
17019,204854,205.6218515,25226
17021,34474,48.59754908,23125
17023,16080,32.06905486,24338
17025,13527,28.88435287,21577
17027,37884,79.90971842,26380
17029,53920,106.0810668,21669
17031,5168652,5467.585521,29920
17033,19543,44.05254906,23387
17035,10898,31.49490432,21715
17037,108938,172.5595031,24547
17039,16366,41.17094797,25914
17041,19750,47.40022716,22339
17043,919811,2808.592116,38405
17045,18146,29.1093161,23897
17047,6615,29.74159587,20907
17049,34076,71.17293774,25566
17051,22012,30.72233452,22419
17053,13293,27.3735043,25302
17055,39468,96.52497025,19668
17057,36531,42.20334718,21071
17059,5373,16.63101102,22674
17061,13511,24.88124616,22366
17063,53072,126.9534997,28159
17065,8341,19.18948527,22471
17067,18651,23.49803675,23027
17069,4185,23.57380137,18749
17071,7010,18.50229485,23237
17073,49996,60.74956565,25931
17075,29184,26.11973187,24563
17077,60380,103.3760083,19619
17079,9483,19.17657028,22917
17081,38361,67.16227484,22032
17083,23256,62.97809387,24940
17085,22597,37.59354815,28659
17087,12516,36.39271205,17328
17089,540008,1038.36164,29864
17091,115679,170.9822384,23190
17093,129121,403.0806534,31325
17095,52011,72.60103525,21336
17097,716365,1614.634967,38512
17099,114365,100.7511074,25439
17101,17001,45.6797404,17050
17103,35974,49.62640608,25303
17105,38414,36.78496378,23530
17107,29697,48.04883589,22136
17109,32376,54.92974211,18854
17111,319381,529.5029631,32318
17113,173396,146.5263464,29425
17115,109613,188.7638014,25797
17117,47164,54.65714225,24141
17119,271099,378.8513099,26939
17121,38645,67.51832695,21418
17123,12411,32.08726722,25600
17125,14234,26.39652318,23992
17127,15380,64.83500556,20044
17129,12659,40.2592449,26300
17131,16176,28.82383681,25878
17133,34127,88.63906393,31570
17135,29666,42.15797783,22205
17137,35135,61.77139777,23598
17139,14882,44.29915079,24078
17141,53308,70.27393301,25803
17143,187074,302.1174918,28743
17145,22191,50.23307911,18469
17147,16747,38.13049613,27452
17149,16067,19.3256646,20383
17151,4447,12.05900463,20603
17153,5804,29.13875877,17732
17155,5934,37.05033085,25510
17157,33165,57.62816807,21442
17159,16080,44.66785518,23922
17161,147201,344.2199264,25609
17163,272430,414.1789097,25475
17165,24387,64.2069637,21626
17167,199013,229.1978294,29167
17169,7555,17.27754694,22215
17171,5259,20.95946923,27955
17173,21940,28.92463464,22522
17175,5871,20.37981135,24952
17177,47160,83.53955805,23413
17179,136944,211.0160853,27395
17181,17660,42.71279479,20138
17183,80338,89.42655744,21000
17185,11650,52.18327446,23629
17187,17338,31.96502029,20373
17189,14478,25.7353612,25177
17191,16530,23.1572918,22319
17193,14369,29.04199319,23398
17195,57729,84.36830601,24370
17197,715063,854.4108971,30199
17199,67227,160.0074357,22903
17201,298474,581.4102246,24544
17203,39386,74.62306928,29886
18001,34561,101.941354,19633
18003,360189,547.9759516,24902
18005,77974,191.6257144,27518
18007,8619,21.20725546,22461
18009,12352,74.82442736,21255
18011,59019,139.5536053,36155
18013,15226,48.80426783,25418
18015,19998,53.7256993,24007
18017,38296,92.91655593,20674
18019,113626,304.7454453,24136
18021,26196,73.26693711,20921
18023,33038,81.56121134,21362
18025,10596,34.66792976,19202
18027,32160,74.88002518,20123
18029,50983,167.1389416,25687
18031,25919,69.5685471,22425
18033,42542,117.2523149,22732
18035,116652,297.4875817,21132
18037,42387,99.20441508,25355
18039,200569,433.0350624,21879
18041,23918,111.2392062,18288
18043,75638,511.2929673,26785
18045,16980,42.91609988,21918
18047,23281,60.5598128,23971
18049,20845,56.58430392,21951
18051,33513,68.74662581,23252
18053,68952,166.520919,20346
18055,33004,60.83745015,21974
18057,295195,748.7178436,39842
18059,73386,239.8110132,28605
18061,40407,83.39670481,23956
18063,154485,379.6528493,29173
18065,49408,126.0806302,19598
18067,81928,279.5637917,23631
18069,36820,96.22346905,21916
18071,42275,83.00409471,22062
18073,34249,61.19994627,23546
18075,21076,54.8989507,19375
18077,32561,90.28903247,22191
18079,28627,76.01769768,19570
18081,145393,453.7470469,28694
18083,38083,73.79982078,20841
18085,78056,146.8927831,24417
18087,37697,99.30080807,18469
18089,499402,1000.883319,23726
18091,112067,187.3092899,22968
18093,46164,102.7766711,22189
18095,131271,290.4771171,22150
18097,913501,2305.083753,24575
18099,47401,106.8484076,22376
18101,10275,30.60430397,22148
18103,36791,98.41319121,19392
18105,141889,359.6598514,22306
18107,38158,75.61835809,23322
18109,69376,171.7359685,25249
18111,14100,35.09568569,23416
18113,47768,116.2683216,20600
18115,6201,71.98736461,26138
18117,19867,49.86856598,18811
18119,21482,55.7556224,21028
18121,17191,38.66076571,20000
18123,19362,50.72209452,21298
18125,12733,38.09555814,20756
18127,168833,403.7588557,28452
18129,25508,62.27984201,27529
18131,13232,30.5131493,21895
18133,38314,79.73310688,20927
18135,25670,56.74444213,20552
18137,29139,65.27180839,22995
18139,17087,41.86720889,21779
18141,266546,582.1684437,23420
18143,24391,128.1056779,19766
18145,44594,108.4623927,26197
18147,21000,52.93082967,23781
18149,23294,75.35240693,18507
18151,34226,110.7855277,23813
18153,20605,46.08158712,21371
18155,10877,49.29909618,20974
18157,178519,357.1765882,22892
18159,15716,60.32066729,24969
18161,7495,46.48808956,20279
18163,181504,777.4015886,24312
18165,15892,61.86586859,22786
18167,107821,267.3385772,20869
18169,32217,78.1142347,20741
18171,8429,23.11331996,25447
18173,61418,159.603779,30791
18175,28446,55.37200654,19721
18177,68273,169.9430663,22082
18179,27594,74.96594881,23618
18181,24250,48.00795562,22756
18183,33833,100.8226403,24898
19001,7447,13.08165093,24307
19003,3820,9.021380092,24105
19005,14250,22.29761107,22411
19007,12620,25.37742118,19907
19009,5891,13.29913011,25610
19011,26061,36.38458643,26432
19013,132373,233.9702044,23721
19015,26236,45.90171987,26861
19017,24512,56.28770786,27922
19019,20906,36.61167861,24792
19021,20189,35.11650435,22632
19023,14713,25.36149742,24276
19025,9212,16.16232459,24262
19027,20681,36.31832579,25429
19029,13648,24.18703036,22812
19031,18274,31.537585,25649
19033,43734,76.95409471,26841
19035,11725,20.32392467,25416
19037,12188,24.16430972,24268
19039,9237,21.42327811,22463
19041,16486,29.06364609,26114
19043,17982,23.09712091,23485
19045,49004,70.51798599,24553
19047,16942,23.72198691,21422
19049,72570,123.3246076,34246
19051,8777,17.47750411,21650
19053,8317,15.63694891,17477
19055,17553,30.38133652,23519
19057,40046,96.23585498,23908
19059,16767,44.0534577,30862
19061,95219,156.5317698,25525
19063,10143,25.62118381,25400
19065,20451,27.98398499,21897
19067,16090,32.13937053,22812
19069,10529,18.09192583,23759
19071,7193,14.07218429,24180
19073,9039,15.86976601,26072
19075,12442,24.79187862,28450
19077,10734,18.17411651,26981
19079,15377,26.66142696,24530
19081,11114,19.46394228,24134
19083,17179,30.17527564,24482
19085,14705,21.10216473,25506
19087,20052,46.16787149,23767
19089,9419,19.90288741,23748
19091,9590,22.07885095,25372
19093,6836,15.84212918,25333
19095,16410,27.98160181,28632
19097,19768,31.07986304,23752
19099,36652,50.17934555,24025
19101,16834,38.65356296,25224
19103,135896,221.314669,28746
19105,20691,35.94553496,23822
19107,10227,17.65774665,22159
19109,15039,15.46077149,29231
19111,35465,68.52896416,21292
19113,216826,302.4578745,29209
19115,11139,27.72507993,22642
19117,8739,20.29525013,20328
19119,11413,19.42141562,22048
19121,16044,28.59861276,26763
19123,22381,39.20557047,22252
19125,33597,60.58596955,25062
19127,41052,71.706427,23085
19129,15124,34.57412723,27099
19131,10685,22.77605363,23561
19133,9002,12.96983494,23126
19135,7890,18.19166421,22504
19137,10396,24.51327054,22039
19139,43172,98.68576058,24345
19141,14041,24.50286108,26821
19143,6228,15.62138438,23278
19145,15585,29.13397726,22114
19147,9149,16.22611876,24027
19149,24943,28.90625917,28660
19151,6863,11.88931662,23556
19153,446462,778.0866862,29673
19155,94597,99.54644331,24644
19157,18852,32.22936573,25472
19159,4957,9.256800356,22620
19161,10020,17.42573826,26072
19163,167606,365.8811086,28010
19165,11826,20.01763912,24628
19167,34078,44.35324515,22568
19169,92111,160.8031354,26265
19171,17579,24.38102603,24089
19173,6057,11.38744595,22977
19175,12560,29.64745714,21332
19177,7471,15.4108288,20510
19179,35464,82.12426352,22570
19181,47746,83.79035213,29045
19183,21875,38.45577637,24615
19185,6252,11.8986758,20107
19187,37395,52.25548402,23718
19189,10631,26.54505278,23538
19191,20948,30.36522454,24170
19193,102507,117.4415738,22652
19195,7446,18.60925647,27773
19197,12889,22.20624498,23786
20001,12900,25.78436757,20367
20003,7986,13.77737339,21022
20005,16926,39.25581857,21461
20007,4647,4.0976197,25082
20009,27588,30.81081297,24639
20011,15048,23.68008101,18736
20013,9710,17.0090639,19822
20015,66794,46.71355069,26710
20017,2677,3.462860651,20530
20019,3450,5.400069676,20836
20021,21214,36.10476955,19661
20023,2587,2.536554697,21318
20025,2101,2.155684577,27172
20027,8632,13.3767013,24719
20029,9367,13.09444025,19570
20031,8427,13.44133567,25512
20033,1818,2.306235515,23419
20035,36180,32.1385665,20855
20037,39190,66.45117274,20396
20039,2457,2.749806588,22673
20041,19726,23.28727423,23035
20043,7792,19.80654864,22051
20045,113596,249.1846464,25654
20047,2849,4.581169157,24415
20049,2730,4.237388402,20646
20051,28667,31.85532073,24441
20053,6372,8.901345589,22310
20055,36485,28.02297809,21872
20057,34284,31.21634418,20104
20059,26229,45.87449283,23267
20061,35970,93.52130234,21153
20063,2518,2.3496152,23672
20065,2474,2.753411008,25418
20067,7765,13.50904942,26633
20069,5921,6.814618535,23363
20071,1158,1.487570973,31525
20073,6472,5.660807549,22032
20075,2633,2.642227553,21258
20077,5781,7.214808017,22805
20079,35073,64.97956514,23574
20081,3629,6.283751641,24075
20083,1787,2.077926112,22804
20085,13553,20.6532293,24200
20087,19187,36.0269305,26461
20089,2881,3.166695995,22497
20091,568825,1201.638274,38428
20093,3756,4.314546239,21536
20095,7511,8.699703755,23714
20097,2315,3.203535144,21177
20099,21175,32.81446673,22137
20101,1599,2.22871072,25997
20103,78145,168.8413064,26620
20105,3064,4.259129397,23566
20107,9535,16.0506018,23329
20109,2612,2.434309213,24544
20111,32949,38.87906323,18898
20113,29018,32.30415784,26357
20115,12275,12.99917811,21847
20117,9293,10.32345499,22094
20119,4462,4.561963952,24862
20121,33828,58.76373322,26945
20123,6195,8.827402194,24499
20125,35137,54.60062706,21013
20127,5759,8.28300746,24621
20129,3110,4.26184732,23022
20131,9903,13.80350137,24126
20133,16368,28.64180653,19651
20135,2940,2.735519005,30005
20137,5514,6.279222487,20480
20139,16098,22.8172671,24319
20141,3658,4.098582434,25362
20143,6054,8.399783478,23559
20145,6794,9.007469918,22239
20147,5475,6.180317895,22283
20149,22238,26.44165121,24438
20151,9605,13.06723098,24855
20153,2371,2.217096978,25250
20155,64545,51.41608316,22578
20157,4675,6.516853339,25647
20159,9779,13.46530371,21904
20161,74449,122.0933293,21578
20163,4958,5.567451426,23846
20165,3153,4.39281487,24259
20167,6820,7.695259066,26249
20169,56241,78.08812185,24426
20171,4826,6.725720124,26108
20173,511701,512.9773157,25832
20175,23122,36.15651559,18514
20177,180526,331.8392623,26295
20179,2464,2.750131304,25245
20181,5127,4.854808461,20799
20183,3607,4.028074989,25797
20185,4192,5.292621603,22871
20187,2115,3.108715477,21412
20189,5671,7.797411963,25826
20191,23384,19.78440906,22778
20193,7737,7.199308343,25816
20195,2857,3.211997325,22292
20197,6928,8.72212653,22987
20199,1393,1.524650289,23894
20201,5326,5.952463477,21391
20203,2084,2.900213208,21734
20205,9102,15.95670571,19143
20207,3119,6.265319318,22687
20209,158353,1044.544397,19214
21001,18874,46.56996018,15962
21003,20419,59.29937153,17582
21005,21956,108.7835502,24910
21007,8218,33.31726615,24405
21009,43107,88.41722069,19991
21011,11675,41.8771055,15630
21013,28310,78.85784517,14745
21015,126608,513.9162909,28630
21017,20072,69.28084604,22566
21019,49409,309.0686851,22698
21021,28644,158.9842554,23499
21023,8494,41.31077,19701
21025,13437,27.28805378,15048
21027,20357,35.8920964,17872
21029,77259,260.1104279,23357
21031,12592,29.55259386,17163
21033,12943,37.53867834,20001
21035,37798,98.1711646,21273
21037,90558,598.4999654,27501
21039,5003,26.41021908,17926
21041,10941,85.09818672,20966
21043,27841,67.98846647,19559
21045,16033,36.09167713,14813
21047,76256,106.2796908,18623
21049,36178,143.2999452,24022
21051,21151,45.0743101,12568
21053,10375,52.59935177,15876
21055,9309,25.86179404,20382
21057,6743,22.09503491,15546
21059,97746,213.2579955,22516
21061,12433,41.04880421,19588
21063,8118,34.64562928,13952
21065,14527,57.40130677,16212
21067,303606,1070.356598,29125
21069,14438,41.42396721,17456
21071,38802,98.64628023,16201
21073,49456,238.059221,26714
21075,6526,31.75612842,18074
21077,8701,85.94933876,19113
21079,17332,75.33120379,19437
21081,25166,97.55604453,20894
21083,37044,67.13999285,20326
21085,26080,52.50675422,17720
21087,11192,39.12818017,20981
21089,36882,107.0916029,21565
21091,8594,45.79744149,21352
21093,107806,172.9662075,23719
21095,28378,60.91954216,15146
21097,19062,62.22007789,19711
21099,18352,44.53440574,16796
21101,46483,106.4489932,22875
21103,15464,54.01789015,21156
21105,4776,19.71318518,20732
21107,46880,86.49525012,21885
21109,13466,39.00921089,14172
21111,751210,1974.704414,27301
21113,50871,295.5631098,25006
21115,23333,89.07314963,19276
21117,161726,1009.21206,27484
21119,16103,45.80988649,16857
21121,31990,82.8118832,14673
21123,14359,54.90610945,18499
21125,60084,138.4574176,19823
21127,15906,38.27281729,16839
21129,7834,37.50887561,14340
21131,11057,27.58428722,16345
21133,24283,71.86152044,17203
21135,13796,28.57282942,14898
21137,24956,74.69739707,16511
21139,9416,30.07083947,20511
21141,26791,48.5228688,19502
21143,8476,39.63708623,21128
21145,65472,263.2107648,25676
21147,18537,43.43221515,12425
21149,9391,37.19586965,21219
21151,85416,195.3290964,21737
21153,13319,43.18128725,14506
21155,20117,58.64873456,18784
21157,31657,105.0845578,23304
21159,12979,56.52756509,13759
21161,17632,73.42764813,22599
21163,29360,96.1288577,20188
21165,6231,30.60640013,14069
21167,21427,86.12234042,23723
21169,10110,34.90474376,16577
21171,10724,32.5587878,15876
21173,27422,138.9400303,21168
21175,13839,36.31076081,19623
21177,31321,67.05719673,19452
21179,44823,107.3573247,21938
21181,7132,36.54238328,18758
21183,24012,40.88722315,19090
21185,63511,339.2347603,33366
21187,10916,31.0906191,22897
21189,4716,23.88969452,11883
21191,14932,53.87559272,20758
21193,28517,83.95508091,19357
21195,64256,81.66410641,19326
21197,12506,69.87394073,15007
21199,64470,97.91804458,20220
21201,2270,22.72024717,13749
21203,17156,54.19771278,15506
21205,23621,84.42243224,16889
21207,17733,69.90929505,18626
21209,50521,179.3012902,27188
21211,44139,116.2665275,27655
21213,17461,74.55467361,20736
21215,18266,97.84796255,26834
21217,24806,93.14107264,18087
21219,12548,33.50635166,18176
21221,14894,33.74008064,23489
21223,8923,58.84024999,21996
21225,14734,42.97521181,18681
21227,118824,219.3943119,23635
21229,11879,39.96080318,21206
21231,20988,45.80829334,15620
21233,13429,40.45574192,20058
21235,35487,81.05204716,15430
21237,7400,33.30772205,12058
21239,25332,134.185094,28816
22001,62379,95.21780319,19027
22003,25827,33.9005054,18287
22005,115037,396.7055429,27756
22007,23411,69.12868207,21752
22009,42371,50.90012157,17497
22011,36187,31.26733413,21808
22013,13965,17.21378962,18691
22015,121433,144.5532589,26248
22017,255850,291.2221874,23743
22019,195020,183.3482196,24013
22021,10011,18.90920207,22111
22023,6199,4.824548435,24649
22025,10302,14.55023045,17245
22027,17193,22.77585481,17654
22029,20910,30.00345004,16947
22031,26847,30.66199549,21122
22033,447831,983.4365179,26714
22035,7392,17.57053657,20767
22037,20060,44.2425521,19508
22039,33622,50.75955771,18171
22041,20575,32.941872,19737
22043,23109,35.93790937,18427
22045,73404,127.8568216,21316
22047,33420,54.02286227,20624
22049,16346,28.71833675,20057
22051,430934,1457.671648,26528
22053,31596,48.51011862,21208
22055,228994,852.1672537,27808
22057,97615,91.38147669,24324
22059,14978,23.97693621,21962
22061,47561,100.8199438,19635
22063,136911,211.2274269,24376
22065,11686,18.71446819,14255
22067,27225,34.24811355,15842
22069,39629,31.64624197,19144
22071,328816,1940.799755,25668
22073,155351,254.5043145,22470
22075,21685,27.80444202,25015
22077,22887,41.06424559,22693
22079,132793,100.7563007,21959
22081,8911,22.90215079,20300
22083,20609,36.86478437,18066
22085,24268,28.0017821,21643
22087,31385,83.13534888,20003
22089,53851,192.9572121,26400
22091,11354,27.80098672,17885
22093,22307,92.35440404,23332
22095,46625,218.8236063,21373
22097,82865,89.6924384,18789
22099,53123,72.0167716,21116
22101,54889,98.83163538,20411
22103,243706,288.2215487,30133
22105,126532,159.9090873,20750
22107,4925,8.170416133,16552
22109,113589,92.21271636,23553
22111,22586,25.75404615,20273
22113,58869,50.17816969,22193
22115,52404,39.46351322,21081
22117,47895,71.53581384,17537
22119,40958,69.06568305,20132
22121,24320,126.4070785,23404
22123,11375,31.62832943,17292
22125,16151,40.0556945,19031
22127,14891,15.67331334,15662
23001,108386,231.6299326,23663
23003,70680,10.59458908,20659
23005,284176,340.2324657,32277
23007,30930,18.23048418,21595
23009,54827,34.54990153,27227
23011,122759,141.5050087,25023
23013,40665,111.3702216,26504
23015,34576,75.85480147,28741
23017,58316,28.07919565,21735
23019,154743,45.54799191,23366
23021,17554,4.431869757,20871
23023,35184,138.6862535,28370
23025,52494,13.3763017,21105
23027,38986,53.41145528,22706
23029,32881,12.83081075,19527
23031,198349,200.2083117,28321
24001,74841,176.4461221,21357
24003,550582,1327.017621,39857
24005,814186,1360.828071,34304
24009,93502,438.6635241,37321
24011,33832,105.9171731,25652
24013,170030,379.8749367,35098
24015,104300,301.2074146,29079
24017,152706,333.6021757,36519
24019,33218,61.42777215,26208
24021,240296,363.9629421,36343
24023,29979,46.32801837,24779
24025,250138,572.2815383,34659
24027,295552,1178.713895,46594
24029,20773,74.98456513,31691
24031,991964,2019.246787,48357
24033,873457,1809.55771,32117
24035,51511,138.5048666,37366
24037,110889,310.4568698,34718
24039,26807,83.84438009,17599
24041,38943,145.0183816,38199
24043,150876,329.582048,26392
24045,101754,271.7472423,25929
24047,52283,111.6488817,32811
24510,615873,7608.657794,23853
25001,214478,544.7430882,36000
25003,129803,140.0512615,29387
25005,551421,996.9723254,28682
25007,18269,176.9477167,33228
25009,750600,1523.866129,34858
25011,71091,101.657412,28313
25013,465099,753.6357971,25363
25015,158919,301.4080059,29113
25017,1512774,1849.771821,41453
25019,10758,239.226895,51456
25021,676128,1706.939363,43685
25023,498837,756.8742805,34285
25025,737475,12681.35325,32034
25027,807359,534.4022342,31470
26001,10797,16.00538592,21003
26003,9479,10.35877595,19858
26005,112695,136.5617924,23395
26007,29258,51.16287105,21867
26009,23529,49.46157567,23941
26011,15553,42.82317976,19386
26013,8792,9.787844891,19076
26015,59657,107.8609918,24989
26017,107572,243.209205,23642
26019,17739,55.485782,24267
26021,155654,274.1608578,24490
26023,45012,88.89175792,19563
26025,135398,191.7185654,22430
26027,52332,106.7865748,23045
26029,25806,61.98312423,28226
26031,25849,36.13909791,22379
26033,38429,24.65894583,20744
26035,30716,54.43056295,18413
26037,77596,136.9965446,27723
26039,13916,25.01618546,21583
26041,36677,31.31852865,22208
26043,25964,34.10032154,24963
26045,108319,188.32366,26296
26047,32869,70.30893798,29465
26049,422800,663.7598696,22577
26051,25452,50.72353427,20677
26053,16136,14.64447694,20759
26055,89071,191.8264895,27617
26057,41630,73.23248369,18936
26059,46611,77.92742753,20428
26061,36606,36.27591933,18556
26063,32086,38.39386523,21845
26065,283162,509.174335,24322
26067,64419,112.7577751,19994
26069,25506,46.4508578,21303
26071,11497,9.858944773,20099
26073,71651,125.1159847,18738
26075,160506,228.7499113,22227
26077,253486,451.3169638,25620
26079,17193,30.70919659,19685
26081,610195,720.4635006,25410
26083,2143,3.96769672,21218
26085,11413,20.11562249,16741
26087,88239,137.2272893,24358
26089,21760,62.67805679,32311
26091,100031,133.4538966,22449
26093,185809,328.7177202,31751
26095,5970,6.640132924,18294
26097,10747,10.52009384,22195
26099,852203,1778.299716,26661
26101,24609,45.39156432,22258
26103,67577,37.36836748,23464
26105,28726,58.02377792,22494
26107,42995,77.45857978,19320
26109,23717,22.71570757,21886
26111,83865,162.4495646,29451
26113,14860,26.31363676,19740
26115,153416,279.2457829,25774
26117,63668,90.25808267,19010
26119,9604,17.56839949,19264
26121,172694,345.9097176,20222
26123,48427,59.55087204,21120
26125,1205777,1389.683154,36314
26127,26367,51.49090363,18916
26129,21596,38.32560477,18909
26131,6493,4.951859107,22195
26133,23458,41.41659581,18228
26135,8409,14.86395098,18706
26137,24194,46.98124372,23179
26139,269959,479.1031846,25197
26141,13088,19.86886706,21926
26143,24048,46.27858361,21637
26145,197464,246.7949529,22257
26147,162928,225.921625,23960
26149,61023,121.901918,20772
26151,42596,44.25253831,20056
26153,8352,7.130182622,21134
26155,70258,132.3954757,22727
26157,54971,68.44624662,20503
26159,76133,125.327117,21898
26161,349185,494.6205223,32529
26163,1768048,2888.589147,22351
26165,33164,58.69715909,20627
27001,16250,8.92042288,24694
27003,338018,799.0786004,29894
27005,32900,25.01515164,25233
27007,45375,18.11420661,21753
27009,39273,96.18642932,23924
27011,5033,10.08572088,24960
27013,65757,87.92880615,23996
27015,25587,41.87107641,26046
27017,36089,41.89665623,24808
27019,95937,270.7597791,36807
27021,28717,14.20549032,24772
27023,12179,20.9577499,24211
27025,56404,135.9585725,27626
27027,60648,58.01603961,23771
27029,8694,8.703226824,21466
27031,5177,3.564746256,30501
27033,11425,17.89041099,22028
27035,63993,64.05099632,25645
27037,408626,726.8757703,34822
27039,20535,46.7473665,27776
27041,36735,57.64165005,26301
27043,13964,19.59925784,23185
27045,20653,23.97886783,24318
27047,30844,43.62124047,24409
27049,46590,61.5587723,27996
27051,5898,10.7596275,24169
27053,1163262,2101.302549,36858
27055,18819,34.08878613,25791
27057,20752,22.4182467,24869
27059,39209,89.97139962,25184
27061,45142,16.92155508,24067
27063,9910,14.09709678,25744
27065,16442,31.52305663,21350
27067,42393,53.20510008,27053
27069,4303,3.916075645,25973
27071,12964,4.176452445,24829
27073,6927,9.054656024,25519
27075,10747,5.095074733,26675
27077,3881,2.990285367,25999
27079,28145,62.71719552,26481
27081,5709,10.63610745,25570
27083,25902,36.24893773,24125
27085,36822,74.92202548,27704
27087,5366,9.61859797,18533
27089,9107,5.130507482,25828
27091,20506,28.78651774,25354
27093,23344,38.38346884,24766
27095,26960,47.10733577,22221
27097,33401,29.68814071,23154
27099,39101,54.9689671,24170
27101,8456,11.99939961,25344
27103,33355,74.37117583,26108
27105,21400,29.92562459,21634
27107,6524,7.474890648,23463
27109,148822,227.7834006,33850
27111,56962,28.88439707,24740
27113,13908,22.55704355,23142
27115,30465,21.58665242,21769
27117,9355,20.11591275,23310
27119,31417,15.93858581,24274
27121,10858,16.21290755,27727
27123,509070,3344.471325,29437
27125,3965,9.1695983,22408
27127,15680,17.84713585,24493
27129,15137,15.40024804,24317
27131,65803,132.7519895,24783
27133,9575,19.846411,23094
27135,15348,9.181611908,23730
27137,200259,32.05477209,25586
27139,138642,388.923877,34532
27141,93898,216.8958401,27444
27143,15084,25.61910868,24563
27145,154319,114.8948236,25329
27147,37287,86.78558774,26114
27149,9578,16.99421416,25855
27151,9206,12.40562435,22699
27153,24859,26.30633178,21406
27155,3341,5.821550691,25743
27157,21597,41.29583952,27339
27159,13796,25.72592003,19812
27161,19066,45.03535053,24408
27163,247072,642.9446571,36786
27165,10902,25.06509842,24187
27167,6318,8.413260636,25118
27169,51453,82.16631647,22327
27171,132748,200.6904033,29231
27173,10115,13.32497072,23718
28001,31838,68.8527857,17249
28003,37626,94.05615078,17920
28005,12944,17.72907124,17681
28007,19436,26.44418624,17701
28009,8884,21.84860703,16724
28011,32691,37.29408205,16114
28013,14872,25.35403033,16034
28015,10522,16.74830669,16412
28017,16878,33.6363071,15978
28019,8252,19.73325142,16584
28021,9150,18.77285838,12238
28023,16420,23.74361105,18050
28025,20298,49.49805634,18057
28027,25090,45.41652987,16116
28029,29525,37.98677772,17823
28031,19546,47.23627141,16917
28033,173710,364.8256102,25065
28035,75752,162.4484285,20238
28037,8009,14.20591633,22138
28039,23401,48.88361224,20529
28041,14631,20.52737979,14759
28043,21659,51.31166517,20116
28045,43565,91.95810298,22596
28047,185949,323.9563737,23111
28049,244325,280.9169494,20878
28051,18227,24.08752164,11966
28053,8940,21.36246488,13448
28055,1212,2.93430413,10458
28057,23530,44.16399943,18307
28059,141021,195.1162483,23547
28061,16790,24.8283565,18696
28063,7280,14.0018005,12857
28065,12115,29.66142742,15423
28067,68383,98.42183028,19494
28069,10362,13.52419504,14432
28071,49281,78.01229497,21854
28073,59649,120.0047211,27399
28075,80683,114.6661937,20688
28077,12835,29.80255713,19896
28079,24308,41.69465622,15559
28081,84655,188.142723,22358
28083,31243,52.72735565,12754
28085,35309,60.24244439,21045
28087,59292,117.2916187,21627
28089,100126,140.1331329,32223
28091,27423,50.56016297,18077
28093,37669,53.34097579,17656
28095,36698,47.96533904,18573
28097,10573,25.97912323,16128
28099,29912,52.46424026,17718
28101,21624,37.40502761,17576
28103,11283,16.23129987,12508
28105,48781,106.4621185,19330
28107,34816,50.81557261,16449
28109,57794,71.27467202,20347
28111,12212,18.86747095,17857
28113,40749,99.62725036,18454
28115,30614,61.5122865,17759
28117,25211,60.75229886,17115
28119,7694,18.99695191,13293
28121,148614,191.6400742,27183
28123,28215,46.31599331,17435
28125,4497,10.41647358,14750
28127,27422,46.54397311,18305
28129,16491,25.91897218,19545
28131,18762,42.11592146,23209
28133,28420,40.73066413,12601
28135,15311,23.7274038,13265
28137,29703,73.38447332,19882
28139,22489,49.12248484,18719
28141,19639,46.29061768,18063
28143,10752,23.64803652,14963
28145,27513,66.20096154,18636
28147,15510,38.39640385,16592
28149,48526,82.45697643,22181
28151,48577,67.0266802,16856
28153,20559,25.358004,17879
28155,10211,24.25759263,18969
28157,9763,14.39744764,18254
28159,18948,31.20322325,18313
28161,12526,26.81486655,17640
28163,28014,30.35277859,14730
29001,25660,45.22992429,17997
29003,17394,40.19849902,25409
29005,5461,9.978040235,23976
29007,25242,36.46450988,19275
29009,35549,45.67807138,19755
29011,12160,20.5432899,19036
29013,16912,20.21300624,19882
29015,19282,27.38685557,20551
29017,12330,19.95449968,18709
29019,168724,246.1637857,25970
29021,89696,219.8287208,22349
29023,42997,61.89563965,19464
29025,9394,22.03132962,20225
29027,44961,53.87294501,23487
29029,45101,68.7596301,25068
29031,77153,133.3593062,23445
29033,8944,12.87607758,25546
29035,6300,12.41719678,15597
29037,103177,148.0649438,27129
29039,13832,29.15171169,15980
29041,7562,10.06681059,19904
29043,83032,147.5744001,24284
29045,6982,13.83417215,20014
29047,231034,581.5125704,29326
29049,20998,50.1198717,24553
29051,77033,195.6392525,26626
29053,17684,31.31211236,21316
29055,25006,33.67736077,17416
29057,7725,15.76492413,17738
29059,17014,31.46257301,18384
29061,8374,14.86755541,19714
29063,12897,30.60831182,17754
29065,15767,20.94474948,19003
29067,13764,16.91674532,16175
29069,31436,58.09981358,17904
29071,103257,111.9097392,24118
29073,15098,29.15780615,21848
29075,6604,13.4385552,19858
29077,283133,419.2671931,23956
29079,10136,23.28635127,19344
29081,8893,12.30858558,19080
29083,22125,31.74558774,22055
29085,9707,24.32275856,16844
29087,4709,10.17737227,23815
29089,10077,21.72475163,23479
29091,41011,44.22871031,18056
29093,10538,19.15096769,18153
29095,678898,1123.14379,25605
29097,120180,188.2260849,20735
29099,223453,340.303338,24965
29101,53217,64.17240117,21292
29103,4015,7.966100878,21731
29105,36306,47.4763634,20784
29107,33283,52.96186808,23584
29109,39207,64.09130646,19357
29111,10022,19.84389401,19283
29113,55797,89.05351143,22092
29115,12389,20.12626007,20666
29117,15245,28.63829063,20203
29119,23277,43.1470899,17841
29121,15416,19.24050079,19357
29123,12325,24.92972583,17491
29125,9211,17.47887421,20392
29127,28791,65.8947785,21835
29129,3745,8.25189495,19577
29131,24901,42.02028713,19133
29133,14476,35.1715072,15532
29135,15697,37.82178336,19422
29137,8617,13.30496005,20048
29139,12047,22.46537536,20142
29141,20749,34.71877628,18425
29143,18551,27.48946595,20373
29145,59045,94.50757138,22054
29147,23437,26.72515449,18971
29149,10918,13.8238294,15396
29151,14026,23.20857036,22275
29153,9684,12.99915346,17710
29155,17740,36.01711451,16365
29157,19125,40.31802025,21693
29159,42471,62.25392056,19909
29161,46007,68.48483211,20245
29163,18417,27.47011634,18756
29165,92726,220.676401,34918
29167,31950,50.27356567,18905
29169,54096,98.87794272,20168
29171,4832,9.340499009,20463
29173,10242,21.80166244,23255
29175,25447,52.71979714,17345
29177,23406,41.14940804,25759
29179,6654,8.230284125,17560
29181,14137,22.45619635,14966
29183,377733,673.9994487,31388
29185,9705,14.48544255,18166
29186,18161,36.38365516,23442
29187,67382,149.1126323,18844
29189,994091,1957.643762,34334
29195,23058,30.52002503,19239
29197,4408,14.34414081,18246
29199,4736,10.845705,19178
29201,38816,92.42126776,20088
29203,8414,8.381982839,16095
29205,5945,11.86950098,18458
29207,29816,36.21866673,21460
29209,32836,70.76215848,21149
29211,6472,9.987943858,17599
29213,54482,86.14620027,22192
29215,26474,22.48769841,17034
29217,21182,25.63172623,18554
29219,34391,80.2401123,25645
29221,25520,33.58280642,16841
29223,13498,17.77979364,17925
29225,37393,63.10391885,18709
29227,2048,7.681556598,19409
29229,18987,27.84950903,15706
29510,313155,5058.323793,22050
30001,9234,1.666298691,22216
30003,12638,2.529895922,14827
30005,6370,1.506784172,17287
30007,5884,4.934000875,20706
30009,10081,4.920470063,25943
30011,1067,0.319389214,20844
30013,81648,30.26064563,23554
30015,5717,1.439148384,20706
30017,11704,3.093544486,22858
30019,1627,1.140869842,25496
30021,8942,3.770029851,25675
30023,9233,12.53580163,20887
30025,2849,1.757804058,26646
30027,11496,2.648967875,23877
30029,94937,18.66024729,25317
30031,94999,36.5003206,27769
30033,1194,0.255381602,22306
30035,13352,4.456702286,17779
30037,826,0.70277399,20363
30039,3090,1.788800077,26138
30041,15921,5.491979089,21618
30043,11745,7.091288709,28865
30045,1925,1.029510348,23710
30047,28970,19.44099924,20161
30049,65227,18.85812248,27121
30051,2324,1.62512315,21236
30053,19826,5.487534268,20526
30055,1529,0.578471581,25169
30057,7839,2.18509668,33892
30059,1876,0.784309488,18147
30061,4261,3.49423577,18974
30063,112763,43.48036259,25418
30065,4525,2.422175654,22193
30067,15629,5.575686856,24466
30069,471,0.284614285,19873
30071,4071,0.792017932,23840
30073,6008,3.702100259,21101
30075,1661,0.503745763,24637
30077,6816,2.929858525,18387
30079,1140,0.656403413,21832
30081,41187,17.2271353,24641
30083,9785,4.694975075,29490
30085,10274,4.363015562,17433
30087,9198,1.835780866,20758
30089,11583,4.195942662,18292
30091,3136,1.869916909,27924
30093,34206,47.60901072,22249
30095,9288,5.173363862,27460
30097,3626,1.954501367,22838
30099,5947,2.617086003,21834
30101,5270,2.751028244,23123
30103,667,0.682424397,22524
30105,7217,1.465137198,24128
30107,2129,1.495930311,18641
30109,991,1.114404015,23157
30111,152723,57.99694672,27273
31001,31478,55.88414703,24390
31003,6387,7.450848163,21982
31005,455,0.636048202,20071
31007,647,0.867159432,21552
31009,458,0.644276951,17677
31011,5245,7.639606171,24499
31013,11122,10.34323081,24587
31015,2017,3.735602121,21353
31017,3027,2.478439261,18881
31019,47125,48.67721795,23780
31021,6368,12.95411362,25185
31023,8035,13.73723759,26770
31025,25432,45.62235055,28974
31027,8383,11.32360748,22736
31029,3884,4.342485473,24184
31031,5504,0.923424543,23051
31033,9922,8.293998095,27630
31035,6271,10.95774168,22456
31037,10510,25.53079114,20049
31039,8827,15.46917217,24071
31041,10576,4.106352513,21740
31043,21290,80.56624403,19844
31045,9078,6.500706622,18440
31047,24270,23.95627548,20077
31049,1863,4.235524683,23721
31051,5952,12.49811989,21875
31053,36908,69.80820102,23009
31055,533504,1624.285535,28910
31057,1885,2.049631194,27383
31059,5609,9.748500735,22882
31061,3071,5.33330254,22859
31063,2578,2.645210631,22689
31065,4772,6.635780068,21987
31067,22119,25.97677855,22959
31069,1927,1.130680978,22619
31071,2032,3.566225623,20019
31073,2014,4.395891079,23973
31075,578,0.744630739,20677
31077,2460,4.317219865,22121
31079,60086,109.9894554,23468
31081,8943,16.47331199,25587
31083,3275,5.917256286,23404
31085,914,1.28179633,24219
31087,2842,4.003140785,21536
31089,10021,4.153956738,23380
31091,724,1.003991953,23553
31093,6158,10.81608702,22983
31095,7320,12.83794619,23675
31097,5313,14.12839284,19664
31099,6298,12.1996579,27444
31101,8190,7.714770144,26443
31103,758,0.980504009,22192
31105,3657,3.842008791,24564
31107,8466,7.638378932,21687
31109,295410,352.7079346,26557
31111,36705,14.31514309,26648
31113,733,1.284477209,22510
31115,593,1.043481456,21560
31117,545,0.634476542,24231
31119,34812,60.78123016,23603
31121,7684,15.84718963,22972
31123,4845,3.402774317,21611
31125,3619,8.194588086,23299
31127,7088,17.3988904,23724
31129,4281,7.443207638,21350
31131,15742,25.57053,24718
31133,2610,6.054636191,24053
31135,2715,3.073577641,26040
31137,8962,16.60276511,25471
31139,7026,12.25646009,22499
31141,32652,48.44083774,23730
31143,5300,12.09093601,24650
31145,10921,15.23182906,22331
31147,7969,14.44078195,21687
31149,1474,1.461840018,24853
31151,14180,24.70307657,20700
31153,168591,705.4303145,29610
31155,20881,27.83265549,27760
31157,36969,49.99859142,21898
31159,16765,29.33880382,27596
31161,4979,2.03985304,20802
31163,3067,5.420371501,22456
31165,1223,0.591753122,26628
31167,6001,14.02271432,22461
31169,4987,8.691075052,22176
31171,625,0.876287764,25404
31173,6830,17.35335669,16497
31175,4069,7.163127909,22579
31177,20354,52.19539236,28829
31179,9434,21.29980989,20597
31181,3627,6.30877932,21054
31183,810,1.408249148,23544
31185,13373,23.35855879,26565
32001,24552,4.979659419,24689
32003,2045525,259.2083859,27330
32005,47439,66.84192507,35723
32007,48689,2.835729296,27233
32009,710,0.198220124,32021
32011,2033,0.486866369,29996
32013,16308,1.691568446,25855
32015,5723,1.042420885,28459
32017,5493,0.516589437,18298
32019,55259,27.61311705,21533
32021,4552,1.212946775,21729
32023,45611,2.50859035,22503
32027,6633,1.098803983,18741
32029,4090,15.55604196,30512
32031,433615,68.80194146,30016
32033,10068,1.134339773,23484
32510,54756,378.5097635,27704
33001,60415,150.9499119,29449
33003,48230,51.80111514,29194
33005,77339,109.442971,27459
33007,32591,18.15973261,23580
33009,90426,52.91940178,29090
33011,403926,461.0297824,33653
33013,147849,158.2768788,31403
33015,298493,429.6593433,37422
33017,125071,338.9688547,29405
33019,44239,82.33369245,27223
34001,278261,500.7355972,27613
34003,908686,3899.791714,43012
34005,451863,565.835665,36101
34007,514774,2326.528179,30136
34009,95671,380.5152441,33796
34011,159051,328.8197564,22636
34013,781473,6191.73633,32149
34015,295789,918.5844884,32067
34017,641375,13885.27798,32087
34019,129241,302.0926644,49521
34021,369253,1644.358401,36721
34023,820967,2657.592334,34153
34025,633035,1350.351907,42234
34027,496046,1077.946584,48067
34029,592150,941.7429937,30257
34031,504127,2731.022097,26615
34033,66281,199.702511,27941
34035,328964,1089.958779,48090
34037,149406,287.8652295,36986
34039,538762,5238.074977,34851
34041,109362,306.4069358,33616
35001,687933,592.6226878,26638
35003,3735,0.539452238,22717
35005,66756,11.00626143,18764
35006,27120,5.9742524,14859
35007,13080,3.48051952,21539
35009,48653,34.63347548,20553
35011,1963,0.845165023,21600
35013,217651,57.1635862,19077
35015,54121,12.96086115,26088
35017,29244,7.381819067,21726
35019,4565,1.506360957,13574
35021,651,0.306289242,19534
35023,4464,1.298859502,17770
35025,66673,15.18424903,20578
35027,20566,4.25700943,25647
35028,17837,163.3923986,49873
35029,25027,8.440273024,16281
35031,70655,12.96467393,13196
35033,4799,2.484887802,23990
35035,64062,9.68697625,20067
35037,8617,2.997896081,18137
35039,39816,6.793568953,19942
35041,20004,8.173468699,17689
35043,141536,38.14317854,26757
35045,132881,24.10291936,21471
35047,29034,6.156722842,19130
35049,147905,77.46094088,32680
35051,11153,2.668848108,17033
35053,17718,2.66569231,18206
35055,33374,15.14858263,22126
35057,16098,4.812778961,17083
35059,4527,1.183918303,20476
35061,79114,74.20358106,19995
36001,305791,584.9054957,31728
36003,48491,47.11030607,20047
36005,1410924,33516.58102,17992
36007,199812,283.1136497,24766
36009,79121,60.47385638,21369
36011,79275,114.6284321,23990
36013,133243,125.6740933,21325
36015,88004,216.0394278,24299
36017,50047,56.0092765,22786
36019,82399,79.39374968,23446
36021,62747,98.86004386,32259
36023,49258,98.76091501,22322
36025,47689,33.06133838,23120
36027,299932,376.9743032,32353
36029,910395,873.1185796,27366
36031,39150,21.81996687,24915
36033,51189,31.42128198,20831
36035,55555,112.1260779,23606
36037,59742,121.1963261,25022
36039,49288,76.16029188,23605
36041,4691,2.731497158,29214
36043,64339,45.58298563,22377
36045,117634,92.72816136,22574
36047,2527331,35688.81202,24398
36049,26926,21.12374408,21472
36051,65398,103.5167455,23637
36053,74082,113.1295586,24904
36055,744695,1133.12355,27712
36057,50222,124.6071325,22847
36059,1337970,4699.313955,42307
36061,1600032,70088.64741,61290
36063,215443,412.4423845,25046
36065,235062,193.8769649,24459
36067,467855,601.0549726,27960
36069,109318,169.7311927,29293
36071,378551,466.376209,29880
36073,42383,108.3245311,21085
36075,121640,127.8201447,22261
36077,61937,61.83186441,23176
36079,100026,434.3073434,39746
36081,2246909,20702.70666,26234
36083,160654,246.2389252,28719
36085,477211,8175.571694,31276
36087,316828,1825.569617,34983
36089,111684,41.66727015,21013
36091,223153,275.5029502,33490
36093,156564,765.5347671,28001
36095,32810,52.76454384,25362
36097,18008,54.84669647,22803
36099,35365,109.2505423,21980
36101,98526,70.85350968,24006
36103,1504852,1649.964505,36588
36105,77899,80.46320311,24023
36107,50827,98.00776722,25719
36109,102485,215.9175741,26199
36111,182788,162.5887626,29692
36113,66128,76.27640419,28939
36115,63625,76.54744944,23252
36117,93478,154.8094317,24872
36119,954105,2216.286391,48306
36121,41782,70.4888344,21762
36123,25374,75.03930954,23928
37001,154731,364.9804767,23477
37003,37751,145.1994785,20467
37005,11148,47.42630305,18974
37007,26921,50.65560848,17462
37009,27621,64.81753342,20870
37011,17698,71.62665025,23516
37013,47956,57.97443249,23209
37015,21466,30.69773619,17880
37017,35244,40.30981832,18350
37019,115026,135.8083265,26402
37021,244253,371.9558592,26347
37023,90623,178.7085685,19508
37025,188193,520.2309416,25898
37027,83614,177.3114163,20064
37029,10685,44.41786993,25886
37031,67639,133.6075122,27707
37033,23525,55.36313911,17643
37035,156172,391.6819726,23489
37037,66176,97.0059131,31465
37039,27917,61.29869065,20451
37041,15067,87.35872022,19808
37043,10920,50.84969857,20758
37045,97763,210.5815283,19475
37047,58189,62.08196262,19010
37049,105122,148.2768512,25067
37051,325327,498.726934,22888
37053,24652,94.14471311,26487
37055,36325,94.73955028,31410
37057,165098,298.7253927,22624
37059,42479,160.8412074,26412
37061,59890,73.37487312,17354
37063,276391,966.4853679,27988
37065,56031,110.8786503,17808
37067,359134,879.9121886,26424
37069,63243,128.6257461,21718
37071,209171,587.5140814,22808
37073,12527,36.79599089,21164
37075,8922,30.54650858,18999
37077,61967,116.5736251,22387
37079,21731,81.71773744,17617
37081,501430,776.5637554,26644
37083,53630,74.06574803,17934
37085,119521,200.8800577,19749
37087,59697,107.8162903,24700
37089,110206,295.4045358,27175
37091,24721,70.01922184,17425
37093,49978,127.9047357,18885
37095,6016,9.818840004,16397
37097,167208,291.387778,26685
37099,41140,83.83007657,20226
37101,179215,226.4819929,22731
37103,10011,21.26794858,21099
37105,59497,233.3587543,21695
37107,58883,146.9901559,19413
37109,81308,272.9025036,25485
37111,45255,102.7103689,19377
37113,34519,66.95457888,24914
37115,20901,46.49113773,19538
37117,23927,51.87792892,19286
37119,969969,1851.642809,32506
37121,15409,69.59021109,19133
37123,27632,56.19004165,18816
37125,90547,129.7527184,26981
37127,97005,179.5037602,23602
37129,211505,1104.2666,29981
37131,21777,40.58416991,17676
37133,183101,240.05575,21391
37135,137141,344.6119618,33897
37137,13201,39.22597118,23996
37139,42001,185.1241743,23573
37141,54732,62.92517408,23189
37143,14110,57.10494836,21435
37145,39894,101.6869521,21962
37147,174998,268.4123371,22656
37149,20791,87.43459181,24499
37151,143359,183.2023029,21384
37153,46152,97.40379892,16610
37155,135154,142.3841591,15689
37157,93203,164.8003451,20861
37159,139502,272.7986278,21658
37161,68200,120.8896416,19550
37163,63648,67.37090974,19442
37165,35780,112.2176583,16526
37167,60652,153.5160532,20868
37169,47705,106.2809956,21021
37171,73688,138.4680089,20391
37173,14545,27.54754116,19506
37175,33662,88.92865262,24560
37177,4591,11.8010046,16786
37179,219215,347.1226418,28835
37181,45422,179.1672275,17414
37183,962777,1152.724511,33161
37185,20849,48.66075806,19113
37187,13181,37.86178953,18395
37189,52476,167.893214,21266
37191,123692,223.6393402,21135
37193,69455,92.08141468,19356
37195,82372,223.7309671,20756
37197,38625,115.3573287,21523
37199,17745,56.76634163,19609
38001,2292,2.320732186,25292
38003,10921,7.321894449,28178
38005,6484,4.669088452,16159
38007,752,0.65456583,35427
38009,6204,3.718486274,28573
38011,3104,2.671699653,28074
38013,1851,1.677287385,34630
38015,85607,52.43428307,30070
38017,158373,89.73293961,29518
38019,3784,2.541728162,27129
38021,5180,4.578113296,24105
38023,2007,1.59186381,29512
38025,3461,1.723211124,28816
38027,2275,3.610133627,21865
38029,3294,2.180828964,22699
38031,2839,4.467681858,34606
38033,1591,1.589750078,26109
38035,67814,47.2118728,25807
38037,2247,1.354316821,28219
38039,2291,3.232156298,24838
38041,2373,2.095880167,24717
38043,2299,1.701464137,24765
38045,3990,3.481848686,28230
38047,1883,1.896622333,24022
38049,5164,2.755670099,24398
38051,2645,2.713563846,23068
38053,6506,2.356970401,29890
38055,8800,4.168885726,27945
38057,8153,7.817195092,30387
38059,28344,14.71444585,27347
38061,7918,4.337921506,28998
38063,2984,3.039394083,25757
38065,1781,2.465015472,29825
38067,7136,6.378866395,27555
38069,4262,4.184173045,22011
38071,11405,9.609440617,26257
38073,5312,6.159862087,23546
38075,2401,2.737576814,28704
38077,15753,10.9717438,25835
38079,13985,15.48591039,14282
38081,3683,4.289973818,26258
38083,1195,1.228944651,25217
38085,4206,3.84427537,13983
38087,702,0.577814933,28079
38089,24887,18.64564544,26678
38091,1887,2.649479336,30038
38093,21089,9.492176464,24653
38095,2079,2.029162319,26385
38097,7988,9.267366873,24725
38099,10843,8.458332343,25377
38101,63823,31.70101594,26026
38103,3971,3.124196781,26145
38105,23268,11.2005313,31822
39001,28753,49.24579051,18182
39003,105637,262.455013,21878
39005,53330,126.0906113,21758
39007,101001,143.8901816,20030
39009,65329,129.7244323,17312
39011,45697,113.8479826,26323
39013,70038,131.6185755,21129
39015,45237,92.31739552,20433
39017,376806,806.7689971,26397
39019,28701,72.73279106,21772
39021,40352,94.13324762,23093
39023,136877,344.3680606,22434
39025,202394,447.6753064,28639
39027,42431,103.8233793,22582
39029,106550,200.322125,20691
39031,36747,65.16425707,20084
39033,42871,106.7010752,20823
39035,1256217,2747.68592,26810
39037,52537,87.83979758,22095
39039,38808,94.31786247,22862
39041,188164,424.6557964,41384
39043,76473,303.9975988,25704
39045,150907,299.174653,26693
39047,29153,71.74240936,20523
39049,1184815,2226.308306,27646
39051,42750,105.4403324,23718
39053,30864,66.1564948,20782
39055,93976,234.8436638,33947
39057,164265,397.0348203,29101
39059,39645,75.91137105,19538
39061,795572,1959.970022,29197
39063,75374,141.8516935,25314
39065,32064,68.16257291,19109
39067,15746,39.13616897,19927
39069,27857,66.96229913,23256
39071,44003,79.55939826,19202
39073,29634,70.33555322,20123
39075,43111,102.0298647,17176
39077,59543,121.146758,22005
39079,33282,79.1855636,19835
39081,68642,168.1048034,21587
39083,62165,118.2981279,22628
39085,231029,1015.544227,28900
39087,62541,137.9467688,19832
39089,170678,250.0776029,25977
39091,45727,99.74709669,22898
39093,305300,621.6638894,25558
39095,438359,1286.056687,23857
39097,44141,94.7485819,24522
39099,234281,569.1638578,23261
39101,66507,164.7201932,20430
39103,176530,418.9553877,30528
39105,23795,55.32453934,18159
39107,40636,87.87134596,22689
39109,103275,254.0089153,25079
39111,14122,30.98824494,20473
39113,530507,1149.395116,25225
39115,14980,35.97301818,19731
39117,35399,87.17277978,22060
39119,86186,129.685162,21069
39121,14775,37.12197223,18790
39123,41080,161.1506618,28404
39125,19339,46.43911547,20968
39127,36449,89.34202811,19876
39129,56629,112.9596781,22356
39131,28837,65.49671948,18715
39133,162668,333.7593849,25483
39135,42140,99.35872549,22896
39137,33968,70.39683221,25019
39139,123021,248.3924961,21966
39141,79011,114.6436465,21423
39143,60553,148.2496078,22713
39145,79690,130.5936889,18412
39147,56092,101.7971928,21365
39149,49683,121.8690569,22810
39151,374868,651.6376905,24212
39153,541099,1310.966608,27220
39155,206496,333.975676,22127
39157,92411,162.799822,20994
39159,54713,126.729617,27916
39161,28352,69.29346865,21245
39163,13504,32.74805021,17301
39165,224652,559.7913239,32114
39167,61480,97.28283757,23404
39169,115346,207.8573907,22892
39171,37151,88.25189462,21532
39173,126534,205.0114152,26696
39175,22453,55.18539067,22967
40001,22935,39.99289722,14547
40003,5487,6.332703575,24080
40005,14255,14.61275965,16096
40007,5435,2.995031826,23002
40009,22424,24.86567624,21470
40011,11771,12.67847055,20029
40013,43834,48.4637099,19156
40015,29131,22.78905525,17355
40017,122737,136.8876412,27536
40019,48046,58.43764635,20046
40021,47856,63.85844275,16996
40023,14979,19.44423859,17509
40025,1958,1.067182494,19455
40027,268016,497.4623727,26640
40029,5839,11.30096107,18758
40031,127537,119.2729774,21746
40033,5952,9.407983916,21170
40035,14940,19.62293956,20092
40037,70513,74.21320285,22558
40039,27727,28.04057174,22489
40041,42441,57.49437107,20082
40043,4701,4.703462434,23009
40045,4137,3.359276334,24544
40047,61335,57.94706346,23862
40049,27571,34.37263926,21069
40051,54021,49.08783864,22593
40053,4318,4.314240492,23431
40055,6224,9.735275685,15804
40057,2775,5.165728986,19022
40059,3673,3.535073105,23910
40061,12881,22.34264713,19147
40063,13837,17.19636875,18844
40065,25770,32.1061145,21248
40067,6325,8.335180594,18215
40069,10972,17.06535418,20297
40071,46132,50.15825222,21566
40073,15170,16.89007409,25310
40075,9120,8.98322252,20221
40077,11219,15.53705871,20689
40079,50711,31.90947893,17892
40081,34638,36.37246833,20992
40083,43812,58.90021853,25496
40085,9529,18.5390882,20842
40087,36270,63.55337672,24898
40089,32757,17.70643527,17547
40091,20293,32.8102517,17058
40093,7421,7.770776673,26524
40095,16426,44.26537928,19094
40097,41802,63.78229777,20170
40099,13598,32.65154801,21348
40101,70984,87.5858616,19565
40103,11503,15.71673373,21262
40105,10420,18.41715714,21279
40107,12122,19.59690018,15187
40109,736708,1039.345949,26197
40111,39863,57.16366928,19683
40113,47848,21.30025495,21797
40115,31599,67.11464797,18226
40117,16463,28.98645706,20279
40119,79334,115.8663455,20284
40121,46167,35.36449849,22060
40123,38110,52.89858858,22238
40125,70281,89.22625619,20700
40127,11503,8.240937969,16583
40129,3612,3.165267352,28350
40131,90637,134.1513359,26400
40133,25526,40.33579914,18262
40135,42943,63.78261154,18991
40137,45572,52.36689387,23080
40139,20606,10.09473872,22051
40141,7530,8.643904777,16541
40143,615927,1080.106817,27425
40145,76819,136.7968421,24976
40147,51608,124.2207397,28045
40149,11539,11.50257417,22781
40151,7315,5.68617278,22935
40153,20559,16.5478249,24735
41001,15784,5.144120377,22115
41003,86886,128.5407195,26370
41005,383198,204.8834165,32382
41007,38794,46.79335358,25395
41009,50474,76.78323719,25440
41011,63349,39.68805598,21771
41013,21305,7.151521479,22043
41015,23232,14.27500948,24190
41017,167367,55.45284745,27965
41019,108599,21.56421564,21440
41021,1823,1.513103533,25629
41023,7247,1.600294535,22062
41025,7295,0.719912891,22228
41027,22765,43.61537931,25030
41029,207364,74.49628775,24263
41031,22132,12.428228,20300
41033,83835,51.12926005,21535
41035,66293,11.15846228,22169
41037,7895,0.970022778,22151
41039,356963,78.39965899,24105
41041,48439,49.43938694,24799
41043,119753,52.29093474,22255
41045,31070,3.142341313,16703
41047,321703,272.0933587,22192
41049,11116,5.471524395,20215
41051,750638,1740.419892,29544
41053,78598,106.1006952,24794
41055,1708,2.07358519,24123
41057,25913,23.50214962,22706
41059,76716,23.85811799,20904
41061,25828,12.68188611,22359
41063,6865,2.182005279,22813
41065,25325,10.63396816,23246
41067,547307,755.7088259,31165
41069,1390,0.81061425,23050
41071,102171,142.7248255,23759
42001,103568,199.6808976,26326
42003,1211794,1659.822325,30530
42005,68097,104.2509558,22963
42007,168207,386.9385297,25095
42009,49571,48.96885981,20922
42011,419780,490.1071999,26332
42013,126740,241.0422903,23561
42015,62464,54.43965935,21828
42017,631718,1045.358862,36601
42019,186249,236.1755024,29604
42021,141374,205.3807967,21925
42023,4872,12.29586878,21605
42025,66722,174.9120658,24144
42027,157985,142.338917,24514
42029,513659,684.415356,42042
42031,39320,65.44232735,21303
42033,80925,70.69402047,20784
42035,39418,44.39042721,20803
42037,67791,140.3226379,22861
42039,88212,87.1403634,20910
42041,240592,441.0816998,30958
42043,271356,516.8226541,28658
42045,561342,3053.369697,32803
42047,31263,37.78652892,22903
42049,280720,351.2714331,23321
42051,134042,169.6006304,19717
42053,8283,19.38972213,14306
42055,154642,200.2554475,25298
42057,15005,34.29311679,22541
42059,38180,66.29062475,20636
42061,45639,52.18036373,20574
42063,88354,106.8328846,21686
42065,44885,68.79675429,21365
42067,24983,63.83792235,20611
42069,214918,468.1514656,25085
42071,531250,562.8779999,26141
42073,90207,251.8515866,22052
42075,136615,377.5639027,26238
42077,357669,1036.223169,27801
42079,321212,360.7775607,23956
42081,114942,93.55569126,22301
42083,42828,43.73786347,21436
42085,115674,171.9868044,22303
42087,46736,113.7043037,19758
42089,175772,288.9629898,25096
42091,810446,1677.804096,41163
42093,18195,139.7010572,27784
42095,304711,824.275578,29020
42097,94004,205.0843088,21899
42099,46493,84.31120954,24688
42101,1531009,11416.79733,21671
42103,59729,109.6024228,27989
42105,16773,15.51154999,21491
42107,148300,190.4618295,22365
42109,39992,121.6651446,21891
42111,76963,71.63520056,20909
42113,6311,14.02632504,21703
42115,43375,52.67570148,23392
42117,41972,37.01927148,21420
42119,45703,144.6379311,22135
42121,54470,80.78199145,21128
42123,41207,46.60714475,23147
42125,208997,243.8736233,26987
42127,54175,74.66196859,23500
42129,364069,354.3062933,26963
42131,28294,71.21149246,23375
42133,448133,495.6228389,28042
44001,49508,2048.817622,36382
44003,165179,980.1295675,32358
44005,83502,815.5609868,37915
44007,624943,1526.105879,25973
44009,128852,391.3683036,36501
45001,24985,50.93948432,17424
45003,163372,152.5367105,24648
45005,10077,24.69307273,13684
45007,190928,266.8730986,22494
45009,15595,39.64465779,17589
45011,22482,40.99617014,18141
45013,170940,296.6264412,32891
45015,186374,169.607211,23109
45017,14960,39.24952324,22203
45019,358555,391.3975879,29738
45021,55492,141.323697,17910
45023,32579,56.10712184,17929
45025,46921,58.7191086,17542
45027,35471,58.44269311,16950
45029,38804,36.729134,17702
45031,68310,121.7314311,20743
45033,31955,78.92613334,14135
45035,146220,255.0796285,24787
45037,27286,54.52769303,20549
45039,23745,34.59972604,19445
45041,138581,173.2339881,22198
45043,61453,75.537151,24517
45045,466924,594.7167896,26412
45047,69731,153.3472781,21588
45049,20813,37.1729979,16728
45051,287277,253.3538885,24531
45053,25581,39.03601,17952
45055,63441,87.31667018,21865
45057,79755,145.2309325,20085
45059,65449,91.69049184,19330
45061,18924,46.1353535,14641
45063,273787,391.7327995,26842
45065,10166,28.30731707,20163
45067,32196,65.80989634,17072
45069,28714,59.86147644,14275
45071,37500,59.52031358,22203
45073,75451,120.464535,24075
45075,91492,82.71578971,18223
45077,120926,243.6026574,21036
45079,398454,526.3118596,26225
45081,19719,43.55110545,18563
45083,290287,359.2990019,22275
45085,107049,160.9600104,19686
45087,28431,55.29483855,19165
45089,33214,35.55498423,13895
45091,240729,353.703841,26751
46003,2611,3.685643205,21974
46005,17452,13.86499303,24567
46007,3370,2.844581067,17285
46009,6998,12.41438127,20975
46011,33012,41.67096742,22036
46013,36879,21.52912923,24671
46015,5253,6.427732316,21726
46017,1902,4.034922809,11162
46019,10436,4.638431413,20921
46021,1341,1.827780172,22679
46023,8733,7.957272725,18150
46025,3527,3.683152683,26644
46027,13985,33.92893598,20326
46029,27688,40.21524404,25215
46031,3989,1.615181254,13323
46033,8426,5.411683516,25525
46035,19747,45.33751801,23510
46037,5481,5.332396207,20870
46039,4256,6.834903155,24518
46041,5167,2.244087901,16410
46043,2699,6.250550956,24814
46045,4010,3.561417792,24600
46047,7020,4.034679515,24494
46049,2281,2.323401904,22537
46051,7232,10.61254063,24344
46053,4131,4.070123206,22550
46055,1869,1.032292376,29162
46057,5965,11.75993055,23244
46059,3377,2.350667328,23595
46061,3340,7.686768523,20085
46063,1223,0.457816669,22717
46065,17257,23.27121773,29628
46067,7063,8.688597885,23305
46069,1174,1.364284366,25301
46071,3020,1.620246688,15721
46073,1814,3.447142206,26786
46075,955,0.984863396,25407
46077,5027,6.040353686,24954
46079,11244,19.96175096,24503
46081,24846,31.05613435,26994
46083,50083,86.75707751,33958
46085,3712,2.260745592,19322
46087,5516,9.606337808,27141
46089,2323,2.043736199,19879
46091,4340,5.178587008,21367
46093,25737,7.414900522,24133
46095,2006,1.534453322,15429
46097,2241,3.929434767,28097
46099,176369,218.5090901,26714
46101,6366,12.25677283,24596
46103,104789,37.74067639,26451
46105,2853,0.993910975,23325
46107,2232,2.591914337,24833
46109,10004,9.085942915,20357
46111,2230,3.916949495,22268
46113,13873,6.625442883,7887
46115,6108,4.061372306,26524
46117,2994,2.072786698,27732
46119,1346,1.336885878,28347
46121,9802,7.059134018,11446
46123,5368,3.329103878,20950
46125,8181,13.25809781,23660
46127,14944,32.44873531,34310
46129,5299,7.477808086,24587
46135,22767,43.68494073,26227
46137,2853,1.454668399,11677
47001,76125,225.7817343,24618
47003,46691,98.58003732,18813
47005,16361,41.51043898,18421
47007,12960,31.88780408,14234
47009,127024,227.3539241,24096
47011,101290,308.0954312,21689
47013,40807,84.98072726,16769
47015,14028,52.80928753,18567
47017,28201,47.06032309,19254
47019,57390,168.1990265,18269
47021,39405,130.2915869,24733
47023,17375,60.80794172,18779
47025,32680,75.19911184,18012
47027,7789,32.92938304,18025
47029,36092,83.05310695,17014
47031,54035,125.9683554,20627
47033,14503,54.61812674,19386
47035,57941,85.07906016,20513
47037,638244,1266.275081,28526
47039,11638,34.86050942,22648
47041,18965,62.31383399,19254
47043,50560,103.205603,21306
47045,38421,74.99314105,20367
47047,40485,57.44298813,28606
47049,18229,36.55948964,17404
47051,40767,73.51470185,21716
47053,50202,83.28935298,20415
47055,29301,47.96156299,20105
47057,23072,82.22369659,17381
47059,69804,112.1953335,19036
47061,13490,37.41671545,14819
47063,63455,393.6933745,21331
47065,342631,631.6580389,26924
47067,6795,30.56129269,13417
47069,26870,40.23854775,15785
47071,25960,44.96654442,18653
47073,57401,117.8725763,20293
47075,18411,34.53497216,17828
47077,28123,54.07509666,20331
47079,32425,57.68582868,20274
47081,25029,40.86373156,18914
47083,8472,42.29941349,18973
47085,18551,34.93728017,21203
47087,11694,37.92809799,17811
47089,52898,193.0035013,19839
47091,18329,61.40886883,16957
47093,443521,872.7031486,28042
47095,7706,46.48210901,12941
47097,27785,58.86751394,16321
47099,42008,68.07010548,18059
47101,12257,43.45076728,17209
47103,33713,59.11052493,21986
47105,50397,219.8673184,28220
47107,52746,122.6294959,19977
47109,26274,46.67941761,18891
47111,22566,73.47050689,17409
47113,99277,178.1977371,23186
47115,28197,56.60234734,21083
47117,31429,83.70796486,20569
47119,83725,136.5515388,23098
47121,11843,60.69545982,19118
47123,45609,71.76139112,18702
47125,181260,336.1791232,22589
47127,6475,50.10733781,24113
47129,22355,42.81089336,17373
47131,31360,57.56999841,21274
47133,22457,51.80600514,18489
47135,7929,19.11841365,17083
47137,5082,31.18195145,19856
47139,16863,38.79438509,18199
47141,74497,185.7302362,19292
47143,32462,102.9307385,17860
47145,54818,151.973284,24059
47147,68957,144.7803671,22937
47149,281520,454.5307483,24879
47151,22383,42.04983474,15212
47153,14433,54.28848048,19318
47155,94077,158.7797967,22600
47157,931316,1220.318765,25470
47159,19436,61.84119031,21294
47161,13463,29.31006382,21723
47163,157508,381.0403677,23536
47165,167540,316.4419304,27212
47167,63004,137.4535473,22062
47169,8007,70.11806522,20973
47171,18349,98.56308505,20753
47173,19294,86.30755773,16423
47175,5546,20.28415743,17872
47177,40010,92.47020874,19035
47179,126424,387.2515498,24742
47181,16918,23.04590156,15466
47183,34777,59.92275172,19647
47185,26219,69.60676418,18196
47187,196349,337.0223202,41558
47189,119900,210.0463882,28110
48001,58811,55.34621887,18487
48003,15210,10.13517969,29126
48005,87841,110.1070798,20779
48007,23228,92.1475135,26288
48009,9080,10.05414818,25895
48011,1813,1.994259907,24510
48013,46051,37.76082847,19216
48015,29313,45.34048085,27055
48017,7177,8.680484144,17505
48019,20998,26.54746124,23666
48021,77493,87.25211661,23584
48023,3420,3.942447013,23968
48025,32265,36.65480084,13681
48027,328948,312.9810213,22945
48029,1791599,1445.047191,23866
48031,10807,15.23719957,27698
48033,615,0.685280662,40060
48035,18155,18.46937774,22383
48037,92254,104.2411545,22718
48039,329694,242.8325257,28533
48041,204361,349.0693657,21292
48043,9182,1.484863517,26265
48045,1566,1.739998661,17828
48047,7022,7.44357276,14193
48049,37839,40.06529548,20892
48051,17134,25.99895582,21922
48053,44577,44.83443425,25011
48055,39062,71.63966576,19227
48057,21479,42.37822998,21751
48059,13657,15.18503657,21680
48061,423025,474.8169232,14183
48063,12591,64.29673154,19331
48065,6004,6.524524566,26287
48067,30228,32.26167113,20580
48069,7895,8.826813518,16684
48071,36848,61.70773571,29237
48073,51244,48.66880933,18049
48075,6817,9.788846149,17567
48077,10485,9.630566107,25242
48079,2931,3.781202478,17012
48081,3006,3.297970185,20028
48083,8645,6.850532022,17503
48085,846750,1006.568149,37825
48087,2871,3.125950021,21100
48089,20416,21.26060681,23789
48091,116033,207.3957149,33181
48093,13851,14.77040344,18868
48095,3776,3.838181261,18119
48097,38463,43.96981577,23520
48099,78381,74.50196428,19218
48101,1376,1.527932459,18700
48103,4469,5.692494512,18978
48105,3600,1.282358466,20406
48107,5730,6.365268002,16953
48109,2219,0.581987356,15760
48111,6758,4.495565012,19836
48113,2407159,2762.787137,26617
48115,13432,14.91937341,15746
48117,19552,13.06194247,17372
48119,5111,19.9007033,20177
48121,714093,812.9174711,33252
48123,19859,21.84767641,22689
48125,2019,2.239043885,18017
48127,9829,7.396430605,14260
48129,3557,3.837581313,21545
48131,11375,6.342414489,16172
48133,18379,19.83722402,20078
48135,141162,157.2507691,24010
48137,1929,0.910826099,28820
48139,158451,169.3780808,26059
48141,830002,819.5987735,17618
48143,38848,35.86837009,21825
48145,17498,22.85878178,15364
48147,34283,38.48404484,20153
48149,24900,26.21030187,27499
48151,3810,4.238321674,24713
48153,6015,6.062636814,18397
48155,1216,1.726300414,18840
48157,639655,742.5063265,32924
48159,10796,37.96183575,25657
48161,20079,22.87582462,22823
48163,17377,15.33039698,15413
48165,17758,11.81995169,21869
48167,300181,793.3777471,29936
48169,6603,7.390765475,13442
48171,25682,24.26920081,28506
48173,1148,1.275247094,32692
48175,7234,8.490468524,27310
48177,19909,18.66431964,19098
48179,22724,24.5406461,21746
48181,122289,131.0983158,23818
48183,123786,452.9264278,23734
48185,27037,34.33447445,19238
48187,141678,199.1818782,25627
48189,36002,35.83420495,17255
48191,3160,3.576716228,19999
48193,8472,10.13501099,22134
48195,5643,6.134963047,21512
48197,3905,5.617783188,18749
48199,56000,62.88125961,25110
48201,4257341,2499.20572,27570
48203,66040,73.38178817,22519
48205,6109,4.178428248,25413
48207,5559,6.155251413,23748
48209,171121,252.399037,26388
48211,3871,4.271277854,30937
48213,79113,90.54439914,22325
48215,823992,524.5466324,13821
48217,34922,36.42019484,20689
48219,22756,25.05086447,21560
48221,53441,127.0464694,30554
48223,35660,46.48227184,21501
48225,23772,19.31255309,19413
48227,34895,38.73816802,17997
48229,3476,0.760449066,12347
48231,87466,104.0867436,22356
48233,21554,24.288419,22411
48235,1343,1.277146906,30611
48237,8531,9.367912201,21314
48239,13941,16.80783676,24476
48241,35478,37.78897894,19859
48243,2352,1.038614493,24260
48245,251468,286.967267,22643
48247,5246,4.617396246,16902
48249,41059,47.46892274,18268
48251,156247,215.6047164,24381
48253,19920,21.4527035,14197
48255,14617,19.55305666,17622
48257,110674,141.7627235,24390
48259,35791,54.02797407,36426
48261,411,0.281829457,14754
48263,782,0.866475438,23726
48265,50980,46.2060751,25942
48267,4497,3.594762042,24520
48269,259,0.284343009,36564
48271,3594,2.642540328,15522
48273,32183,36.51729945,19156
48275,3494,4.107589467,19424
48277,49820,54.91681297,20972
48279,13383,13.1698929,17356
48281,19959,27.99927043,24216
48283,6708,4.512035131,14014
48285,19100,19.69665021,23597
48287,16701,26.5510113,23719
48289,17066,15.90270678,22813
48291,76104,65.6965766,19628
48293,23017,25.42506566,19236
48295,3337,3.579783988,25676
48297,11257,10.82720023,21843
48299,19562,20.94355388,32277
48301,80,0.119594864,31502
48303,285261,318.5141231,23353
48305,5646,6.330540019,19932
48307,8109,7.609809084,21464
48309,239242,230.6833439,21630
48311,644,0.565196767,21743
48313,13847,29.71044526,14915
48315,10307,27.06099192,20075
48317,4778,5.222177245,21633
48319,4030,4.338917359,25229
48321,36177,32.87994314,23312
48323,55969,43.7511263,13176
48325,47359,35.73304026,21381
48327,2052,2.274869816,22033
48329,141482,157.1499307,31986
48331,24588,24.17864666,21678
48333,4636,6.195697582,20737
48335,8602,9.441440337,15237
48337,19693,21.15466532,23338
48339,493232,473.4717422,32543
48341,22301,24.78740046,18566
48343,12767,50.66579335,20568
48345,1124,1.135855567,18572
48347,65541,69.24291593,19004
48349,47888,47.43136186,20641
48351,14195,15.20332929,19113
48353,14829,16.25992007,19532
48355,345927,412.5634119,23525
48357,10473,11.41313651,21935
48359,1990,1.32619514,24112
48361,81101,243.0584938,23451
48363,28130,29.5548122,21727
48365,23898,29.80731744,24105
48367,123480,136.6717981,29972
48369,10117,11.48643615,17646
48371,15238,3.198675384,17867
48373,45807,43.33298817,18470
48375,122653,135.0254096,19304
48377,7886,2.045529428,16510
48379,11215,48.87731323,21513
48381,124270,136.3291851,29197
48383,3354,2.8537366,23871
48385,3324,4.754039835,15557
48387,12365,11.9286745,18917
48389,13276,5.037614126,14556
48391,7210,9.358239615,20626
48393,930,1.006430596,34085
48395,16486,19.2664769,21301
48397,86618,681.8404335,33869
48399,10152,9.659881101,20935
48401,54344,58.81216285,21854
48403,10782,21.94183212,18968
48405,8708,16.40984316,17510
48407,27064,47.54387395,22551
48409,64231,92.62518851,21492
48411,5974,5.262060817,20812
48413,3539,2.700227263,21181
48415,16940,18.70905866,22398
48417,3074,3.362186153,22831
48419,25327,31.83450029,21059
48421,2947,3.192727014,20811
48423,217411,235.9433262,25787
48425,8854,47.48393634,25795
48427,62488,51.08655974,12125
48429,9600,10.70568901,19354
48431,1048,1.134873039,18500
48433,1282,1.399084707,26287
48435,4120,2.833706471,25066
48437,7651,8.595090782,17146
48439,1893477,2192.51788,27920
48441,132202,144.3960177,22759
48443,947,0.401607156,22595
48445,12504,14.06778402,20585
48447,1558,1.707299567,22860
48449,33271,81.93733465,18223
48451,111395,73.19122114,22870
48453,1077325,1087.984615,32619
48455,14630,21.09261675,20002
48457,21940,23.73172657,19443
48459,39929,68.49508026,22919
48461,3145,2.533585849,22985
48463,26297,16.94453734,16906
48465,49862,15.8556339,17180
48467,53223,63.1684602,20969
48469,87313,98.97831022,24571
48471,68642,87.53473225,15240
48473,45085,87.81135988,22859
48475,10573,12.65314716,20923
48477,34320,56.8255658,25515
48479,263543,78.40082757,14465
48481,41019,37.76550375,22070
48483,4963,5.426872875,28013
48485,131726,209.8295726,23292
48487,13171,13.56654537,20714
48489,22528,38.14720876,11231
48491,462377,413.463096,30688
48493,45330,56.39933979,26989
48495,7032,8.360414435,20202
48497,61140,67.60116758,25180
48499,42972,66.59906061,22606
48501,7966,9.961133234,20411
48503,18532,20.26534384,25757
48505,14440,14.46296157,14897
48507,11615,8.952476559,11754
49001,6649,2.567300555,17951
49003,51154,8.903237195,21031
49005,116760,100.2392889,20152
49007,21439,14.50057553,20587
49009,1069,1.533761759,23789
49011,320764,1073.58535,25935
49013,19112,5.897045708,23431
49015,10923,2.447832934,20257
49017,5242,1.012923082,23161
49019,8999,2.451012971,22135
49021,48799,14.80246407,17356
49023,10683,3.149211664,18348
49025,7113,1.782604645,26699
49027,12358,1.880280218,19452
49029,9997,16.41015226,25138
49031,1567,2.067853202,16969
49033,2318,2.253165836,24168
49035,1055485,1421.946305,25555
49037,14443,1.84693373,14853
49039,28679,18.03537809,16587
49041,21085,11.03593124,18863
49043,37560,20.06719461,41532
49045,62197,8.960358409,22620
49047,34154,7.62418349,24396
49049,553287,276.1665152,20794
49051,25209,21.44532573,25978
49053,148794,61.32402049,21467
49055,2820,1.146026398,17931
49057,238022,413.1723245,23297
50001,36998,48.2797556,27683
50003,37143,55.02827964,27989
50005,31298,48.23509327,23246
50007,158994,296.3109366,32533
50009,6273,9.453013523,20641
50011,48286,76.19621311,25811
50013,6998,85.53816707,33491
50015,24730,53.90185987,27457
50017,28979,42.17992394,26269
50019,27378,39.49120745,21000
50021,61368,65.99981208,25814
50023,59779,86.98501005,28992
50025,44452,56.60475252,28131
50027,56234,58.01286898,30236
51001,32452,72.19641288,23556
51003,102653,142.4354718,37256
51005,15925,35.7498324,22444
51007,12985,36.5497634,24664
51009,32476,68.52424949,22128
51011,15252,45.73400347,22721
51013,212979,8199.550428,60223
51015,75450,78.02490517,23861
51017,4615,8.721404025,24878
51019,70487,93.60564187,27845
51021,6818,19.05933375,20291
51023,33743,62.34824762,30293
51025,17017,30.05617758,16991
51027,23370,46.4831745,17592
51029,17339,29.91251916,16938
51031,55696,110.5371594,22588
51033,30102,57.06399159,26030
51035,30131,63.47512782,19187
51036,7296,39.90874092,25241
51037,12487,26.2734408,18210
51041,329318,777.9833373,32546
51043,14304,81.19084551,37551
51045,5181,15.72219301,25046
51047,49516,130.5685465,27075
51049,10252,34.46505673,21250
51051,15843,47.93176244,17089
51053,28644,56.86534642,23246
51057,11427,44.44183807,22495
51059,1106069,2829.046816,50145
51061,67105,103.6452048,40569
51063,15577,40.94682195,21298
51065,26770,93.59968933,28864
51067,57939,83.91774376,24677
51069,82487,199.4868102,29409
51071,17382,48.85586802,21891
51073,37371,171.5786929,28623
51075,22838,81.15412669,46697
51077,15019,33.96620044,21013
51079,19039,121.8525571,26711
51081,12341,41.8018207,18004
51083,35736,43.69563999,20744
51085,102626,219.0354076,34505
51087,317142,1357.066217,33364
51089,53187,139.1113124,19511
51091,2278,5.487093902,24922
51093,36607,115.9872472,30500
51095,71365,501.0298678,39311
51097,6982,22.15536607,25012
51099,25252,140.5729667,34024
51101,16583,60.53487475,27796
51103,11269,84.57036946,29845
51105,25930,59.53825532,16669
51107,343940,667.1177208,46493
51109,34967,70.45533621,28030
51111,12717,29.45910357,17187
51113,13439,41.90739956,27359
51115,8849,102.9801967,29479
51117,32585,52.09556783,19843
51119,11078,85.01495695,30654
51121,96218,248.616434,22861
51125,15142,32.15848408,26060
51127,19632,93.60634708,32155
51131,12193,57.61955488,22824
51133,12348,64.5494618,28538
51135,15783,50.20164541,20695
51137,35289,103.5526799,26820
51139,24161,77.72415063,22722
51141,18233,37.74200107,18589
51143,63563,65.60048513,21219
51145,29356,112.8117667,29987
51147,24151,69.01072699,17534
51149,35742,134.7964388,25620
51153,427403,1270.514195,36842
51155,34971,109.3329967,21623
51157,7374,27.69815559,39735
51159,9326,48.70169106,20812
51161,93831,374.5482321,31617
51163,22613,37.84233895,23022
51165,78239,92.14500665,26226
51167,28620,60.40245107,18331
51169,23041,43.02463742,20501
51171,43462,85.42467568,24913
51173,31930,70.8095479,20626
51175,18769,31.32633262,21212
51177,128547,320.1697967,31352
51179,135865,505.1576152,35568
51181,7060,25.3092436,23986
51183,12016,24.51143833,16974
51185,45093,86.91017037,19276
51187,38890,182.1842625,30069
51191,55745,99.37167177,25043
51193,17569,76.59523597,26936
51195,41603,103.1849809,18458
51197,29559,64.00490429,23561
51199,67122,640.5981817,36755
51510,143111,9523.59495,54892
51515,6199,901.2674239,21533
51520,17705,1360.562589,19273
51530,6623,987.9770396,18268
51540,43607,4259.156952,25464
51550,226829,665.5771124,29985
51570,17481,2324.657849,27633
51580,5816,1063.546466,21474
51590,41973,977.6154866,18816
51595,5958,864.2525276,19492
51600,22942,3677.071283,44980
51610,12788,6397.906694,57246
51620,8688,1058.765283,18920
51630,25396,2432.528341,27806
51640,7097,861.3297182,20232
51650,137036,2665.375876,24715
51660,50368,2891.708259,16992
51670,22547,2193.664682,19463
51678,7079,2835.115998,15088
51680,78151,1590.778326,22107
51683,38240,3870.175895,28781
51685,15007,5922.830893,26979
51690,13457,1228.245947,19689
51700,181033,2634.596778,25196
51710,243173,4493.182152,24357
51720,3947,527.6132342,23881
51730,32155,1402.202132,19005
51735,12285,802.0703128,37988
51740,94685,2813.596942,23108
51750,16489,1670.358989,16723
51760,205776,3440.772044,26584
51770,97311,2286.353569,23023
51775,24883,1723.606976,27143
51790,23786,1190.776869,24595
51800,89014,222.4417235,28990
51810,441872,1774.471101,31589
51820,21336,1418.711807,24695
51830,14654,1624.244095,22383
51840,26710,2892.974735,26343
53001,18980,9.859855167,16452
53003,21842,34.33127005,23875
53005,181776,106.9032239,27673
53007,73904,25.30503949,24944
53009,75564,43.46933132,25672
53011,441542,701.970153,27916
53013,3997,4.601503961,26120
53015,104412,91.57941473,23575
53017,39727,21.83685113,22751
53019,7468,3.389678702,18937
53021,85461,68.79970046,18878
53023,1893,2.66362224,25181
53025,92000,34.33459413,20427
53027,73968,38.8890479,21389
53029,83105,398.683202,30352
53031,30488,16.90303112,29333
53033,1975322,933.7083066,39313
53035,256781,650.1751501,30913
53037,42407,18.45973016,23931
53039,20485,10.94685695,21481
53041,76575,31.86903717,22297
53043,10476,4.534095139,25317
53045,63084,65.75242527,23082
53047,41131,7.807739858,20518
53049,21696,23.26255196,23193
53051,13165,9.403643699,22458
53053,814435,487.8293909,28179
53055,17198,98.88754054,36453
53057,121052,69.92363185,27447
53059,11277,6.81111129,26624
53061,738810,353.9593673,31276
53063,481709,273.1099554,25752
53065,44119,17.80596873,22232
53067,262279,363.2867037,30331
53069,4026,15.28617205,21455
53071,59204,46.61258751,23547
53073,208267,98.85199982,26273
53075,45457,21.05378204,20226
53077,247969,57.72902365,19730
54001,16810,49.28765479,17897
54003,110935,345.4388668,26183
54005,24397,48.643859,21355
54007,14471,28.32940716,18141
54009,23603,264.5940408,22793
54011,96419,343.1065974,22302
54013,7652,27.40204011,18128
54015,9205,26.92290807,16127
54017,8343,26.09470968,16042
54019,45724,69.11649118,18152
54021,8981,26.53155872,15686
54023,12100,25.34703871,20405
54025,35646,34.9618316,21025
54027,24775,38.69589767,17388
54029,30349,367.3797579,23381
54031,14297,24.55211495,19193
54033,69433,166.9031904,21846
54035,29496,63.52136492,21855
54037,56025,267.2507401,29602
54039,191631,212.5484541,26790
54041,16293,42.33097058,20112
54043,21708,49.67067946,17183
54045,36625,80.7185565,19019
54047,20970,39.30974164,13345
54049,56469,182.9042094,22024
54051,32515,106.4561191,22545
54053,27614,64.10704165,20040
54055,62223,148.506018,19527
54057,28372,86.54492621,20540
54059,26610,62.89164,18610
54061,99279,275.7274194,23610
54063,13469,28.49061964,19166
54065,18055,78.8177856,21801
54067,26223,40.54117355,20455
54069,43981,415.6201926,24901
54071,7546,10.84118458,19328
54073,7567,58.1614143,19035
54075,8624,9.171699659,17861
54077,34429,53.0652845,20438
54079,56589,163.7085119,27220
54081,78986,130.4797412,21230
54083,29581,28.45200003,18974
54085,10399,23.00711746,18337
54087,14811,30.62891047,15448
54089,13978,38.77824163,16664
54091,17051,98.69129971,20092
54093,7018,16.75250489,19579
54095,9059,35.34618783,19097
54097,24383,68.75471135,18831
54099,42371,83.7402162,18680
54101,9010,16.27916455,16899
54103,16286,45.48364187,21281
54105,5666,24.36896239,18731
54107,86944,237.3835746,23413
54109,23393,46.83722399,17947
55001,21064,32.62471288,22296
55003,15741,15.06265267,20367
55005,45807,53.09656784,23267
55007,14931,10.10310237,24502
55009,252805,477.2531994,27344
55011,13480,20.07042513,23240
55013,15281,18.593472,22872
55015,50549,158.8412381,28182
55017,63971,63.43984948,24346
55019,34680,28.66553042,20202
55021,57582,75.21855301,28160
55023,16467,28.85607269,22049
55025,501957,419.2619789,33118
55027,89241,101.916934,24691
55029,27881,57.84708969,29437
55031,44123,33.83311521,24741
55033,44567,52.42527785,22156
55035,99867,156.535446,25413
55037,4228,8.660468832,22030
55039,102529,142.4898904,25934
55041,9109,8.982641498,20992
55043,51332,44.75916945,20955
55045,37559,64.31812404,26852
55047,18941,54.20434253,25762
55049,23822,31.23869613,26025
55051,5630,7.425738181,22154
55053,20614,20.87029247,21255
55055,85604,153.8329964,25445
55057,27055,35.27723474,23695
55059,170225,625.8491402,26936
55061,20551,59.99971373,24936
55063,115902,256.5983302,25680
55065,16790,26.49986971,22645
55067,19674,22.59717286,22295
55069,28430,32.34455828,23987
55071,81031,137.5546248,25831
55073,135890,87.95564719,26763
55075,41139,29.39870215,23827
55077,15298,33.57755185,23139
55078,4121,11.52378332,15346
55079,950260,3936.417553,24051
55081,45456,50.46317699,23320
55083,37905,37.98143695,25852
55085,35649,32.03051576,27181
55087,180167,282.6045709,27573
55089,87223,374.2240278,41272
55091,7472,32.20921453,24066
55093,41912,73.04953896,27132
55095,44654,48.85760794,25139
55097,70629,88.21143006,25207
55099,13664,10.8930683,23590
55101,197108,592.8044173,26953
55103,17944,30.61327929,21913
55105,162009,225.5945544,24119
55107,14498,15.86934897,20994
55109,88847,123.0006775,31895
55111,63473,76.39048669,25734
55113,16536,13.15194528,24001
55115,41986,47.01378829,22828
55117,116058,227.0014583,25830
55119,20810,21.34629886,22920
55121,29106,39.70995638,24065
55123,30068,37.98483503,22066
55125,21194,24.74187869,26863
55127,104157,187.6274427,27410
55129,15778,19.79393097,23989
55131,135085,313.6385123,31521
55133,395993,720.5459162,37310
55135,52352,70.01619839,24215
55137,24372,38.92337687,22363
55139,169187,389.3948057,26880
55141,74332,93.72141919,25456
56001,36952,8.64608909,25928
56003,11623,3.705017662,25452
56005,48847,10.17071773,33092
56007,15812,2.002132833,27962
56009,14261,3.351678376,28517
56011,7327,2.56690728,25653
56013,41054,4.470256007,24206
56015,13227,5.943674673,23845
56017,4773,2.381627754,24025
56019,8952,2.154951984,29901
56021,93671,34.87493429,28648
56023,18910,4.639204936,25451
56025,77298,14.47432765,29620
56027,2478,0.943627224,25277
56029,28680,4.131328077,28103
56031,8466,4.061974644,25280
56033,29648,11.74646476,27805
56035,11248,2.301834631,35049
56037,45382,4.35250082,31125
56039,21985,5.50260682,43877
56041,21537,10.34803701,25660
56043,8576,3.831053346,30193
56045,6647,2.771790786,29558
60010,30075,1170.617303,
60020,4854,217.7944615,
60030,4,126.1977513,
60040,118,125.6343342,
60050,19877,722.6327157,
66010,159878,762.0357972,
69085,7646,123.7358934,
69100,4392,133.6709423,
69110,34592,753.803493,
69120,4733,113.2546531,
72001,92213,1382.716244,6889
72003,90379,2929.512975,7951
72005,34816,953.1161346,8740
72007,28201,937.381292,7115
72009,10128,323.4672268,8473
72011,61187,1557.513993,7735
72013,94651,751.5160802,9216
72015,10044,669.2619221,7633
72017,14420,771.4143187,8818
72019,18819,549.4166722,6883
72021,92664,2090.606654,12287
72023,33735,479.3699509,8790
72025,103864,1772.503637,12261
72027,11224,242.1325063,7924
72029,16216,493.4111326,10084
72031,46245,1020.396994,14016
72033,11265,2325.291215,10206
72035,84193,1621.144971,10375
72037,14129,486.6147217,9787
72039,15838,238.0606876,6402
72041,47775,1326.300224,11058
72043,49033,628.5290905,8100
72045,39751,1399.655092,6830
72047,15483,363.6829516,7044
72049,6660,572.9584786,9553
72051,15792,683.9728562,15125
72053,18621,623.5266431,10358
72054,2607,171.410078,6807
72055,11618,313.5735831,6336
72057,28992,446.0874506,9161
72059,281703,6664.335722,7000
72061,49556,1796.901025,20809
72063,62270,2232.904013,12878
72065,11287,270.1488984,8578
72067,19875,1752.028092,9963
72069,26840,599.7138546,10212
72071,53992,976.2822876,7258
72073,20463,459.5007496,7450
72075,30916,512.8973538,8176
72077,20471,772.8196141,9515
72079,18298,305.2075028,6924
72081,20681,336.548881,6783
72083,38786,836.6263302,6806
72085,46568,1374.506178,9621
72087,12940,668.1736704,8252
72089,10675,413.5754697,10660
72091,35403,784.499428,9230
72093,24002,655.3892635,5755
72095,12200,579.123592,7384
72097,70826,912.1739975,9397
72099,31284,621.4083139,7230
72101,73498,1890.811954,6460
72103,133679,2587.63975,8079
72105,32650,1191.546925,6669
72107,48117,756.3241681,6322
72109,13511,289.3183766,7177
72111,20288,454.7099652,6504
72113,300463,2618.138273,10027
72115,12473,549.8919129,7140
72117,24534,1717.128953,9152
72119,85529,1410.843917,10459
72121,17214,480.3988417,7946
72123,30919,445.7426315,7163
72125,50993,935.6915404,8589
72127,218028,4556.780045,16388
72129,20813,391.9028724,8787
72131,74687,1060.547493,6736
72133,25416,747.0176692,8690
72135,22752,842.1545914,11821
72137,30833,1326.675394,11124
72139,30946,1490.356522,14305
72141,110111,969.8896014,7234
72143,33008,1190.415388,8895
72145,54176,1181.434358,8864
72147,18753,369.3864629,8417
72149,67068,1881.993977,7318
72151,35242,638.2731185,7642
72153,84445,1238.347825,7403
78010,37039,444.5391492,
78020,17348,881.0024172,
78030,50742,1620.589065,
